251
707
772
376
751
248
440
620
690
523
398
306
612
553
362
450
530
783
587
301
519
280
732
276
609
296
732
237
226
445
222
396
216
660
253
273
556
716
376
726
224
564
372
393
792
755
427
427
810
787
416
250
413
182
623
506
792
408
444
281
529
503
754
435
342
655
245
239
450
182
426
533
460
722
520
518
430
489
421
398
650
605
578
646
316
729
357
322
436
456
753
595
419
222
769
232
509
692
447
188
417
219
183
624
734
713
350
749
609
204
545
632
449
487
566
232
536
336
661
187
376
413
697
379
749
243
198
673
466
359
266
273
273
191
485
316
455
426
232
376
714
199
463
205
670
733
299
696
142
465
244
422
381
278
506
446
350
209
493
637
262
128
578
470
437
526
682
78
371
686
593
222
249
185
460
482
62
268
418
404
587
212
624
647
426
212
395
61
562
277
201
210
387
242
504
576
149
435
368
400
90
247
74
292
291
182
537
186
504
478
276
573
246
455
306
623
94
93
584
331
119
260
455
566
320
211
73
150
442
307
375
331
326
91
516
348
503
125
433
613
259
165
480
-7
35
260
384
383
443
287
623
320
140
225
364
427
440
436
526
522
516
53
126
21
63
13
45
38
161
337
417
434
279
192
412
399
52
471
366
186
0
4
35
418
256
588
-8
269
61
153
214
98
62
239
553
413
363
517
210
529
302
342
316
448
381
54
258
-70
27
357
462
141
96
-43
326
84
415
328
404
204
205
242
95
310
101
406
523
-45
-31
132
408
-17
74
-21
486
346
264
16
379
20
-56
403
434
477
271
238
451
-77
163
-94
266
252
462
141
441
-71
263
445
497
35
198
84
459
-45
-18
40
314
351
444
84
97
-97
272
109
194
154
131
10
271
400
395
-86
-48
379
354
15
152
320
470
234
-140
300
-67
-64
66
441
-55
122
-73
-68
249
347
60
-11
269
233
417
90
374
-2
124
125
164
56
-141
93
211
-28
-75
417
163
107
442
38
130
-96
279
400
189
215
335
420
-31
228
-191
282
407
-3
-33
-133
-200
-123
227
4
-88
418
418
29
186
240
407
167
56
87
380
-199
-59
-173
97
289
185
-182
-128
330
-140
8
71
391
395
213
177
-185
-220
-194
58
256
-3
374
69
223
204
154
-135
354
278
243
-98
-165
48
16
-15
-42
142
366
137
-227
-198
222
-145
153
-182
321
-62
305
244
306
-69
367
41
-162
2
29
187
-41
-138
140
-208
63
-87
-100
-122
108
-134
155
75
-112
-235
-235
260
68
-238
-39
108
-47
57
-210
-68
298
127
-96
215
246
-137
-6
-301
-108
262
175
-265
-91
-231
3
273
-60
-251
-3
-173
2
22
185
-35
19
-119
-148
-198
200
237
-151
-297
-198
-225
-13
-31
110
-116
222
299
-315
-37
284
250
-166
-320
-82
260
242
-1
-245
100
258
-285
202
-352
86
178
180
-76
-108
-96
-115
-244
-32
-66
204
168
154
-271
-222
-99
-94
179
20
-267
112
-255
83
-281
38
107
-327
-384
76
-99
-379
146
-202
-66
-186
-380
-97
149
-181
-98
-10
-84
-176
-379
-71
35
-214
-402
-156
-292
182
-3
-228
-383
-35
-90
-399
126
92
-207
-304
-36
-295
-109
168
-7
-220
138
-220
60
-107
-187
-211
-212
-269
-423
152
3
170
-346
-237
-362
-212
-411
-181
-59
-170
-221
-122
-122
52
-445
-94
-315
134
-110
-222
157
-214
-216
-320
-23
-456
-17
-289
-321
170
-208
-361
-278
-356
-285
-434
-192
-29
-319
-257
-369
-361
101
-337
156
-85
-255
89
-251
-300
-143
-100
-146
52
150
87
-485
-309
-461
-387
-105
5
102
-411
-350
20
60
-29
-57
-50
-57
-308
110
-138
-416
-67
-433
-266
25
-444
-184
-304
-23
-291
-213
-313
85
90
-198
-206
52
-251
-108
-339
-349
62
-285
-412
-475
-177
-201
-49
-427
-400
-534
-433
-491
-205
-519
-208
-1
-333
-188
-312
5
-211
-144
-392
-437
-195
-97
-47
-353
-279
83
-160
-176
46
-24
-134
-259
69
-125
-15
-261
-442
-380
-306
-218
-191
-65
-540
-430
-368
-14
-183
-519
-75
-283
-501
-477
-299
-3
-184
-125
-242
-223
-49
-552
-447
-150
-107
-18
2
-10
-36
-508
-305
-138
-117
-243
-403
-406
-430
-199
-510
-506
-468
-227
-109
-547
-448
6
-373
-232
-368
-251
-616
-42
-470
-614
-51
-155
-476
-151
5
-6
-316
-221
-287
-478
-443
-117
-86
-354
-121
-136
-36
-187
-458
-165
-449
-619
-326
-16
-387
-44
-10
-269
-49
-127
-647
-401
-295
-425
-364
-344
-69
-508
-583
-331
-341
-295
-446
-201
-129
-585
-540
-511
-151
-667
-564
-225
-220
-281
-235
-502
-77
-485
-90
-525
-579
-79
-228
-132
-569
-216
-222
-163
-237
-254
-553
-154
-504
-433
-546
-303
-396
-562
-379
-638
-535
-293
-551
-597
-229
-578
-378
-559
-458
-635
-119
-227
-417
-706
-178
-380
-649
-594
-208
-607
-440
-149
-398
-425
-364
-399
-271
-505
-335
-719
-613
-95
-426
-603
-344
-170
-370
-112
-159
-215
-231
-410
-160
-746
-543
-153
-470
-582
-459
-275
-515
-721
-496
-758
-269
-148
-135
-514
-638
-622
-715
-392
-630
-706
-615
-282
-299
-197
-410
-592
-313
-538
-222
-389
-607
-642
-354
-616
-645
-482
-212
-784
-271
-565
-355
-774
-535
-483
-440
-609
-658
-545
-643
-393
-206
-319
-212
-403
-307
-358
-753
-344
-654
-202
-269
-526
-400
-629
-614
-698
-741
-302
-203
-327
-223
-331
-788
-395
-381
-575
-456
-504
-723
-186
-382
-492
-749
-717
-359
-734
-231
-375
-600
-402
-587
-483
-601
-273
-681
-511
-270
-717
-364
-629
-434
-515
-484
-627
-518
-493
-584
-342
-590
-689
-401
-339
-693
-675
-425
-316
-857
-499
-662
-292
-363
-827
-837
-348
-335
-610
-310
-258
-529
-868
-373
-870
-553
-627
-404
-705
-756
-688
-596
-611
-769
-795
-675
-539
-460
-730
-544
-427
-854
-830
-399
-423
-299
-512
-307
-856
-621
-788
-551
-287
-858
-865
-403
-315
-806
-441
-278
-647
-548
-861
-631
-661
-451
-507
-663
-853
-884
-699
-478
-514
-433
-677
-789
-417
-564
-931
-440
-508
-864
-713
-503
-940
-359
-436
-523
-313
-754
-371
-662
-347
-917
-695
-751
-602
-873
-492
-942
-631
-447
-846
-428
-551
-778
-388
-673
-440
-907
-939
-843
-563
-356
-372
-603
-871
-860
-908
-741
-764
-860
-687
-545
-669
-518
-667
-618
-778
-828
-705
-654
-957
-489
-854
-609
-868
-384
-456
-634
-473
-766
-539
-645
-578
-421
-616
-704
-600
-786
-473
-893
-980
-498
-729
-442
-639
-736
-538
-375
-864
-656
-993
-750
-525
-470
-864
-961
-571
-512
-443
-486
-621
-834
-432
-856
-757
-557
-1014
-637
-407
-590
-806
-654
-551
-740
-860
-621
-940
-653
-448
-487
-821
-1012
-635
-448
-1048
-638
-955
-963
-809
-919
-469
-822
-807
-518
-809
-989
-995
-687
-957
-887
-1020
-598
-1053
-1071
-558
-522
-674
-672
-732
-543
-582
-662
-529
-1028
-906
-977
-1003
-699
-788
-943
-910
-628
-575
-856
-830
-811
-853
-1082
-633
-1020
-566
-722
-1095
-496
-1031
-1019
-1061
-962
-753
-490
-1041
-981
-818
-1072
-752
-473
-889
-852
-1007
-775
-724
-1032
-601
-763
-568
-532
-534
-916
-705
-1047
-1041
-974
-868
-1062
-936
-575
-513
-1069
-668
-668
-976
-772
-689
-1096
-804
-1114
-592
-616
-532
-864
-663
-804
-578
-570
-875
-513
-1028
-682
-619
-688
-637
-624
-1152
-1119
-780
-986
-680
-774
-843
-1018
-724
-643
-584
-1140
-1131
-664
-818
-670
-839
-888
-1146
-689
-1040
-1061
-886
-1116
-877
-1160
-658
-1124
-1184
-992
-1122
-1066
-559
-1024
-1177
-889
-1030
-679
-786
-1158
-1157
-775
-842
-1087
-974
-1130
-1167
-706
-1124
-834
-652
-1201
-863
-598
-1020
-1005
-1117
-1075
-903
-617
-829
-613
-888
-1066
-1208
-703
-959
-1044
-946
-1200
-701
-752
-787
-634
-732
-1070
-675
-767
-937
-840
-1220
-686
-864
-645
-670
-1177
-1240
-832
-925
-1113
-649
-684
-688
-874
-1026
-779
-1051
-738
-980
-793
-691
-922
-1129
-802
-1035
-749
-1230
-1019
-1107
-1171
-750
-695
-954
-1040
-742
-1073
-939
-896
-1054
-759
-1281
-1050
-1050
-1024
-1253
-741
-831
-1037
-850
-694
-664
-860
-1045
-951
-712
-1090
-825
-1115
-749
-1158
-1195
-1002
-1021
-1143
-1135
-749
-1023
-683
-879
-954
-1151
-1152
-904
-1121
-1227
-1132
-1109
-1313
-922
-975
-1272
-1017
-1029
-831
-1311
-1075
-932
-1207
-808
-724
-713
-1223
-817
-1244
-730
-778
-743
-738
-1296
-1178
-943
-1192
-752
-837
-1332
-1211
-708
-1254
-1338
-858
-941
-746
-1201
-1136
-1085
-1253
-996
-1288
-1049
-883
-872
-814
-1139
-754
-950
-1071
-803
-1231
-1217
-1103
-1228
-1356
-1070
-875
-815
-1059
-893
-1363
-1203
-953
-1379
-1320
-1005
-1021
-1210
-1373
-808
-1257
-822
-839
-1147
-810
-1125
-893
-831
-869
-1074
-786
-1241
-769
-798
-836
-1018
-1100
-1142
-1369
-1139
-932
-1042
-1003
-1239
-1013
-947
-1299
-829
-1027
-982
-1262
-816
-823
-1401
-1150
-1422
-878
-954
-938
-1232
-1289
-1106
-1334
-901
-908
-1204
-820
-1414
-1216
-1249
-1365
-1172
-1134
-1122
-1131
-1285
-1264
-1109
-1428
-1368
-1354
-1298
-1018
-899
-818
-1444
-1442
-1273
-1257
-1283
-964
-1070
-1375
-1093
-1186
-1158
-1325
-915
-970
-919
-1040
-1360
-1329
-1002
-1417
-1354
-1028
-1131
-927
-1147
-1200
-1068
-1170
-1148
-992
-1347
-1228
-1009
-1172
-926
-1214
-1337
-1149
-1141
-916
-1468
-897
-1081
-914
-862
-1398
-1321
-857
-1401
-1437
-1242
-1235
-938
-1024
-1337
-1368
-924
-1424
-886
-1479
-1043
-931
-1069
-898
-1284
-1254
-1436
-1288
-1020
-1242
-944
-1247
-1204
-974
-996
-1116
-1096
-1114
-1213
-1270
-972
-1005
-1480
-1278
-1344
-1155
-1262
-1338
-995
-1172
-940
-1428
-1204
-1122
-1090
-1511
-948
-1151
-1189
-1272
-1317
-1186
-1085
-1515
-1370
-1204
-975
-1428
-1318
-1480
-1204
-1170
-1062
-1282
-962
-1064
-1109
-1268
-1377
-1426
-1073
-1123
-1260
-1253
-1333
-1548
-1223
-1549
-1348
-1560
-1056
-1249
-1155
-1265
-1368
-1235
-1007
-1082
-1372
-1477
-1228
-1503
-1434
-1539
-1522
-1535
-1152
-1289
-1230
-979
-1265
-1600
-1210
-1033
-1408
-1130
-1562
-1175
-1278
-1461
-1552
-1398
-1083
-1040
-1089
-1040
-1114
-1494
-1166
-1214
-1227
-1438
-1073
-1134
-1088
-1335
-1524
-1307
-1539
-1379
-1329
-1128
-1363
-1081
-1628
-1389
-1214
-1413
-1345
-1001
-1392
-1010
-1355
-1577
-1060
-1361
-1472
-1650
-1442
-1488
-1526
-1256
-1558
-1591
-1618
-1480
-1041
-1221
-1352
-1510
-1291
-1162
-1238
-1247
-1614
-1284
-1312
-1346
-1045
-1374
-1163
-1064
-1497
-1339
-1523
-1511
-1110
-1144
-1562
-1379
-1235
-1132
-1126
-1542
-1507
-1540
-1482
-1494
-1048
-1448
-1368
-1512
-1560
-1530
-1567
-1615
-1678
-1264
-1383
-1517
-1451
-1618
-1065
-1317
-1190
-1534
-1343
-1089
-1582
-1226
-1408
-1662
-1209
-1624
-1238
-1523
-1377
-1451
-1620
-1669
-1549
-1645
-1198
-1139
-1431
-1106
-1711
-1689
-1287
-1692
-1660
-1653
-1448
-1357
-1697
-1438
-1356
-1195
-1345
-1262
-1576
-1225
-1738
-1603
-1576
-1699
-1571
-1396
-1223
-1145
-1238
-1704
-1166
-1597
-1251
-1417
-1536
-1541
-1451
-1514
-1503
-1440
-1720
-1299
-1729
-1415
-1649
-1382
-1146
-1270
-1296
-1572
-1571
-1465
-1158
-1331
-1652
-1709
-1446
-1429
-1154
-1488
-1382
-1455
-1590
-1265
-1272
-1610
-1623
-1477
-1163
-1176
-1725
-1570
-1486
-1786
-1636
-1769
-1729
-1348
-1700
-1551
-1762
-1428
-1418
-1360
-1393
-1337
-1529
-1514
-1708
-1234
-1360
-1382
-1691
-1491
-1648
-1536
-1581
-1700
-1822
-1494
-1712
-1291
-1607
-1442
-1592
-1709
-1281
-1402
-1605
-1792
-1684
-1206
-1673
-1220
-1825
-1378
-1733
-1210
-1398
-1760
-1228
-1703
-1497
-1624
-1390
-1551
-1430
-1265
-1277
-1800
-1250
-1458
-1237
-1464
-1379
-1816
-1746
-1312
-1630
-1701
-1523
-1611
-1552
-1375
-1522
-1437
-1667
-1237
-1345
-1534
-1377
-1836
-1642
-1717
-1663
-1760
-1260
-1461
-1304
-1706
-1632
-1632
-1864
-1422
-1293
-1418
-1324
-1253
-1528
-1888
-1829
-1526
-1846
-1440
-1700
-1297
-1337
-1863
-1545
-1554
-1602
-1671
-1845
-1619
-1650
-1683
-1690
-1696
-1641
-1837
-1734
-1296
-1328
-1405
-1611
-1671
-1644
-1343
-1498
-1787
-1842
-1744
-1326
-1452
-1542
-1652
-1305
-1878
-1453
-1466
-1349
-1361
-1499
-1774
-1435
-1863
-1828
-1627
-1851
-1618
-1433
-1638
-1719
-1824
-1704
-1710
-1588
-1524
-1877
-1908
-1335
-1556
-1785
-1441
-1385
-1909
-1822
-1847
-1423
-1773
-1491
-1357
-1507
-1607
-1546
-1571
-1900
-1785
-1898
-1398
-1415
-1797
-1349
-1956
-1785
-1464
-1738
-1594
-1660
-1696
-1623
-1602
-1878
-1719
-1789
-1707
-1676
-1577
-1452
-1957
-1495
-1696
-1695
-1519
-1802
-1482
-1583
-1773
-1853
-1855
-1885
-1830
-1595
-1801
-1931
-1859
-1447
-1665
-1662
-1454
-1920
-1696
-1972
-1970
-1852
-1386
-1741
-1386
-1526
-1780
-2005
-1969
-1548
-1640
-1533
-1442
-1414
-1900
-1784
-1963
-1546
-2023
-1402
-1490
-1531
-1583
-1661
-1943
-2035
-1913
-1509
-1624
-1810
-1568
-1942
-1631
-1610
-1579
-1898
-1665
-1441
-1840
-1590
-1821
-1980
-1502
-1443
-1972
-1844
-1945
-1748
-1986
-2018
-1751
-1716
-1609
-1664
-1491
-1468
-1620
-1694
-1633
-1750
-2044
-1493
-1556
-1827
-2001
-1749
-1955
-1984
-1480
-1896
-1647
-1611
-2023
-1580
-2059
-1888
-1620
-1534
-1766
-1604
-1574
-2040
-1498
-1525
-1628
-1865
-1499
-1906
-2029
-1738
-1750
-1788
-2079
-1773
-1762
-1900
-1476
-2013
-2108
-2092
-1833
-2004
-1928
-2107
-2102
-2080
-1904
-2076
-1500
-2106
-2085
-2104
-1958
-1988
-1962
-1956
-1590
-1901
-1611
-1886
-1757
-2090
-1596
-1556
-1771
-1935
-1874
-1931
-1591
-1719
-1766
-1588
-1754
-2127
-2089
-1931
-1673
-1567
-1946
-1737
-1753
-2094
-2017
-1953
-1742
-2028
-1847
-1726
-1567
-1716
-1790
-1975
-1905
-2146
-1859
-1732
-1950
-1674
-1773
-1793
-1872
-2029
-1599
-1588
-1855
-1943
-2026
-1641
-2147
-2072
-2175
-1771
-1721
-1998
-2022
-2084
-1674
-2169
-1866
-1639
-1921
-1767
-1715
-1766
-1886
-1953
-2036
-2090
-1881
-1900
-2199
-1908
-1771
-2156
-1655
-1988
-1827
-2009
-1964
-1787
-1658
-2154
-2176
-1859
-2166
-1823
-2220
-1711
-1599
-1744
-2109
-1913
-1722
-2110
-1615
-1795
-1762
-2017
-2033
-1813
-1623
-1947
-1731
-1781
-2156
-2018
-1945
-1955
-1783
-2020
-2103
-1918
-1997
-1842
-1647
-1747
-1983
-2244
-2193
-2166
-1938
-1730
-2141
-2245
-1967
-1935
-1673
-1686
-1806
-1943
-2165
-1725
-1978
-1700
-1663
-1793
-2075
-1656
-1992
-2123
-2057
-2025
-2089
-1845
-1670
-2255
-1817
-2262
-1743
-1856
-1735
-1828
-1887
-1974
-1854
-2081
-1708
-1757
-2114
-2225
-2034
-1822
-2150
-1898
-1720
-2119
-1715
-1800
-2089
-1798
-1720
-1935
-1973
-1677
-1890
-1964
-2015
-2265
-1949
-1934
-1871
-2056
-1799
-1983
-2239
-2055
-1831
-2000
-2302
-2285
-1892
-1946
-1896
-2243
-1797
-2333
-2209
-2236
-2036
-2026
-1986
-1798
-1852
-2118
-2212
-2295
-1991
-1988
-1816
-2253
-2156
-1903
-2024
-1850
-1725
-1956
-2062
-2315
-1757
-1999
-1854
-2002
-1724
-2316
-2162
-2088
-1850
-1863
-1984
-2242
-1737
-2281
-1960
-2070
-2273
-1861
-2156
-2199
-2060
-2316
-2182
-1992
-2362
-2349
-1814
-2284
-1864
-2239
-1879
-1968
-2279
-1823
-2089
-2249
-1830
-1915
-1822
-1803
-1769
-2273
-1875
-1782
-1841
-2315
-2351
-2137
-2181
-2210
-2274
-1815
-1968
-2140
-2138
-2333
-2036
-2340
-2096
-1958
-2065
-2415
-2243
-1940
-1835
-2240
-2201
-2030
-1831
-2261
-1893
-2274
-2332
-1829
-1930
-2313
-2346
-2208
-2005
-2213
-1974
-1898
-2348
-2138
-2431
-2245
-2225
-1810
-2206
-2415
-2435
-2297
-2337
-2335
-1831
-1872
-1887
-2346
-1968
-2431
-2121
-1920
-2451
-2173
-2124
-2382
-2137
-2139
-2231
-2334
-2461
-2276
-2301
-2404
-1979
-1992
-2199
-2175
-2374
-2449
-2007
-1890
-1978
-2107
-2164
-2193
-2073
-2206
-1891
-2010
-2173
-1919
-2144
-2415
-2482
-2391
-2350
-1893
-1875
-2419
-2107
-1993
-2179
-2038
-2159
-2157
-2357
-2375
-2428
-2356
-2324
-1877
-2072
-1978
-2443
-2047
-2468
-2455
-1938
-2391
-2329
-2398
-2322
-2301
-2077
-2414
-2329
-2405
-2345
-2465
-1981
-1910
-2156
-2398
-2285
-2481
-2181
-1973
-2207
-2179
-2410
-1924
-1895
-1908
-2484
-2382
-2209
-2247
-2525
-2208
-2406
-2493
-2261
-2092
-2154
-2313
-2201
-2461
-1989
-2082
-2361
-2011
-1940
-2210
-2294
-2377
-2481
-1988
-2122
-2008
-2239
-2139
-2373
-2434
-2350
-2570
-2051
-2519
-2479
-2212
-2170
-1943
-2366
-1971
-2416
-2432
-2206
-2105
-2207
-2235
-2153
-2337
-2252
-2032
-1995
-2244
-2089
-2518
-2404
-1952
-2443
-2431
-2497
-2363
-2015
-1986
-2258
-2200
-2184
-2090
-2353
-2484
-2445
-2335
-2576
-2337
-2514
-2414
-2456
-2340
-2240
-2226
-1992
-2305
-2212
-2010
-2327
-2024
-2308
-2181
-2267
-2426
-2370
-2232
-2530
-2160
-2233
-2416
-2488
-2228
-2235
-2606
-2088
-2335
-2605
-2625
-2094
-2604
-2615
-2563
-2278
-2593
-2324
-2051
-2631
-2093
-2230
-2608
-2095
-2237
-2193
-2603
-2379
-2130
-2051
-2606
-2352
-2025
-2514
-2466
-2151
-2624
-2277
-2605
-2321
-2365
-2164
-2646
-2594
-2559
-2094
-2475
-2678
-2597
-2564
-2110
-2658
-2247
-2175
-2083
-2320
-2186
-2665
-2463
-2418
-2390
-2308
-2291
-2261
-2333
-2130
-2247
-2308
-2096
-2566
-2103
-2079
-2099
-2518
-2575
-2168
-2176
-2391
-2652
-2704
-2214
-2525
-2432
-2651
-2598
-2218
-2620
-2250
-2665
-2633
-2322
-2306
-2486
-2423
-2560
-2528
-2543
-2324
-2362
-2248
-2568
-2355
-2639
-2269
-2723
-2646
-2117
-2257
-2593
-2100
-2568
-2266
-2155
-2247
-2706
-2167
-2522
-2591
-2243
-2662
-2562
-2213
-2591
-2231
-2485
-2463
-2750
-2136
-2333
-2586
-2160
-2375
-2752
-2521
-2182
-2527
-2754
-2523
-2724
-2756
-2468
-2255
-2396
-2343
-2708
-2137
-2206
-2493
-2179
-2485
-2518
-2208
-2421
-2616
-2729
-2640
-2503
-2148
-2703
-2462
-2735
-2377
-2311
-2672
-2543
-2578
-2475
-2772
-2528
-2255
-2781
-2276
-2251
-2722
-2386
-2304
-2268
-2308
-2558
-2759
-2368
-2294
-2445
-2328
-2224
-2809
-2185
-2665
-2399
-2324
-2812
-2462
-2265
-2187
-2753
-2560
-2275
-2453
-2603
-2764
-2607
-2723
-2723
-2363
-2652
-2393
-2718
-2572
-2301
-2829
-2406
-2802
-2533
-2334
-2768
-2726
-2242
-2843
-2505
-2510
-2830
-2308
-2594
-2282
-2417
-2539
-2332
-2852
-2292
-2704
-2746
-2435
-2377
-2232
-2477
-2665
-2758
-2730
-2351
-2285
-2708
-2740
-2634
-2624
-2736
-2614
-2270
-2636
-2602
-2517
-2535
-2698
-2750
-2312
-2603
-2332
-2734
-2416
-2335
-2436
-2502
-2376
-2516
-2530
-2259
-2378
-2607
-2652
-2624
-2896
-2277
-2851
-2479
-2824
-2597
-2557
-2628
-2617
-2272
-2591
-2584
-2388
-2754
-2791
-2773
-2831
-2327
-2736
-2758
-2525
-2483
-2572
-2859
-2459
-2698
-2305
-2645
-2487
-2400
-2417
-2466
-2872
-2843
-2659
-2636
-2507
-2408
-2434
-2738
-2669
-2576
-2315
-2459
-2382
-2847
-2727
-2489
-2724
-2813
-2674
-2347
-2757
-2834
-2863
-2576
-2364
-2931
-2743
-2721
-2346
-2452
-2674
-2943
-2666
-2776
-2680
-2383
-2585
-2722
-2941
-2513
-2623
-2711
-2904
-2973
-2493
-2562
-2714
-2489
-2382
-2566
-2520
-2673
-2846
-2558
-2437
-2864
-2592
-2358
-2475
-2616
-2689
-2599
-2418
-2862
-2794
-2581
-2817
-2566
-2711
-2431
-2795
-2593
-2497
-2979
-2587
-2882
-2417
-2823
-2964
-2583
-2658
-2935
-2571
-2645
-2607
-2969
-2608
-2514
-2388
-2991
-2672
-2933
-2941
-2839
-2584
-2822
-2883
-2969
-2923
-2476
-2710
-2627
-2619
-2565
-2902
-3005
-2802
-2479
-2490
-2491
-2563
-2853
-2775
-2699
-2873
-2575
-2909
-2602
-2490
-2437
-2646
-2602
-2452
-3002
-2868
-2674
-2630
-2440
-2428
-3026
-2569
-3039
-2703
-2913
-2601
-2560
-2895
-2993
-2652
-2665
-3024
-2936
-2680
-2746
-2779
-2819
-3000
-2516
-2698
-2826
-2624
-2528
-2471
-2907
-3026
-2600
-2685
-3063
-3075
-2741
-3050
-2488
-2509
-3049
-2822
-2599
-2701
-2510
-2736
-2692
-2806
-2528
-2893
-2642
-2542
-3078
-2487
-2560
-3019
-2926
-2520
-2901
-2976
-2657
-2936
-2886
-2855
-3067
-2763
-2927
-3004
-2988
-2868
-2904
-3052
-2788
-3036
-2585
-2885
-2822
-2521
-3123
-2723
-2736
-2614
-2967
-2582
-2745
-2559
-3129
-2659
-2895
-3089
-3097
-2632
-2623
-3006
-2757
-2803
-2657
-3142
-3054
-2573
-2918
-2803
-2693
-3038
-2531
-3151
-2571
-2953
-2604
-2678
-2990
-2728
-3105
-2616
-2824
-3124
-2890
-2780
-2942
-2846
-2652
-2583
-3153
-2800
-2757
-2871
-2892
-2828
-3013
-2927
-2810
-2593
-2692
-2861
-2690
-2817
-2828
-2763
-2578
-3077
-2680
-2708
-2679
-2849
-2955
-2905
-3190
-3021
-2775
-2784
-3083
-2937
-3036
-2900
-2579
-2836
-3002
-2680
-2928
-2813
-3081
-2918
-2771
-2787
-2651
-3032
-2680
-2706
-2986
-2936
-3217
-2727
-3086
-3041
-3122
-3062
-2949
-2738
-2662
-3160
-2860
-3068
-2919
-2934
-2837
-2881
-2983
-2982
-3214
-3003
-3168
-2804
-2767
-3032
-2618
-2648
-2834
-2797
-3097
-2970
-3053
-2621
-2997
-3255
-3005
-3065
-3156
-2916
-3165
-2834
-2649
-2966
-3194
-2983
-2918
-2722
-2669
-3185
-2918
-3204
-2645
-2761
-2865
-3031
-2741
-2688
-2865
-3054
-2652
-3099
-2649
-3273
-2989
-3012
-2846
-2730
-3255
-2920
-3001
-3170
-3271
-2923
-3018
-3205
-2919
-3238
-3010
-2912
-3301
-2747
-3052
-2695
-3159
-2724
-3284
-2774
-2843
-3018
-3135
-2933
-2697
-3155
-2680
-3271
-2959
-3101
-2766
-2747
-2743
-3145
-3203
-3322
-3173
-2902
-3034
-3294
-3302
-2894
-2718
-3091
-3133
-2945
-2708
-3143
-2947
-3216
-2845
-3084
-2986
-3212
-2891
-2844
-3339
-2726
-3017
-2979
-3139
-2831
-2799
-2808
-3043
-3043
-2740
-3004
-2931
-3301
-2744
-2981
-2759
-3002
-2820
-3183
-3052
-3280
-3198
-3256
-2872
-3139
-3092
-3216
-3232
-3042
-3131
-2880
-3045
-2833
-3181
-3254
-3253
-3108
-3247
-3032
-3296
-2877
-3341
-2876
-2941
-3060
-3071
-3290
-2834
-2894
-2781
-3233
-3178
-3323
-2889
-2850
-3050
-2788
-3176
-3184
-2940
-2869
-3357
-3177
-2806
-3335
-2805
-2781
-3193
-2959
-3133
-2940
-3054
-3355
-2845
-3210
-3191
-2897
-3227
-2826
-3426
-2828
-3033
-3311
-3344
-3177
-3321
-2795
-3144
-3046
-2944
-3057
-2816
-2989
-3130
-2833
-3218
-2841
-3276
-2803
-2966
-3252
-2862
-2944
-3402
-2962
-3390
-3076
-3274
-3367
-3207
-3268
-3245
-3053
-3042
-3401
-2891
-3286
-2885
-2846
-2907
-3185
-2885
-3167
-3456
-3127
-3032
-3026
-2899
-3460
-2959
-3304
-3337
-3054
-2882
-3342
-3359
-3276
-3252
-3250
-3479
-3428
-3055
-3341
-2931
-2937
-3095
-2948
-3092
-2909
-3423
-3035
-3234
-3412
-2929
-3207
-3339
-3076
-3108
-3475
-2996
-3410
-2892
-3173
-3422
-2911
-2935
-3128
-3289
-3160
-3516
-3109
-3426
-3286
-3410
-2989
-3262
-3196
-3346
-3191
-3336
-3444
-3437
-2997
-3139
-3248
-3055
-3159
-3412
-3287
-2989
-3303
-3057
-3335
-3102
-3110
-3540
-3397
-3503
-3289
-3105
-3243
-3439
-3493
-3398
-3376
-3061
-3000
-3173
-3153
-3245
-3104
-3417
-3318
-3071
-3091
-3293
-3551
-3473
-3543
-3284
-3127
-3028
-2957
-3139
-3086
-3066
-3565
-3118
-3371
-3177
-3058
-3568
-3442
-3381
-3190
-3146
-3496
-3277
-3163
-3191
-3366
-3545
-3170
-3575
-3168
-3585
-2958
-3469
-3486
-3252
-3460
-3285
-3288
-3290
-3091
-3042
-2969
-3332
-3392
-3080
-3271
-3204
-3099
-3256
-3240
-3566
-3041
-3133
-3587
-3335
-3397
-3413
-3211
-3448
-3492
-3614
-3068
-3197
-3288
-2998
-3362
-3355
-3262
-3280
-3464
-3325
-3558
-3546
-3244
-3374
-3423
-3268
-3637
-3301
-3281
-3587
-3224
-3159
-3025
-3044
-3488
-3646
-3273
-3036
-3635
-3395
-3202
-3221
-3182
-3426
-3576
-3527
-3383
-3614
-3370
-3243
-3601
-3465
-3370
-3553
-3202
-3164
-3384
-3372
-3592
-3136
-3553
-3088
-3434
-3107
-3370
-3563
-3371
-3308
-3445
-3588
-3612
-3275
-3176
-3404
-3263
-3504
-3137
-3500
-3642
-3141
-3661
-3111
-3079
-3579
-3596
-3212
-3370
-3534
-3247
-3353
-3396
-3424
-3259
-3564
-3167
-3428
-3205
-3341
-3681
-3703
-3294
-3711
-3258
-3457
-3479
-3143
-3510
-3711
-3169
-3536
-3100
-3624
-3161
-3539
-3621
-3269
-3403
-3432
-3565
-3562
-3520
-3389
-3166
-3609
-3142
-3264
-3490
-3613
-3619
-3709
-3292
-3587
-3269
-3401
-3193
-3466
-3337
-3591
-3495
-3490
-3261
-3148
-3685
-3187
-3285
-3532
-3745
-3582
-3324
-3544
-3623
-3439
-3368
-3605
-3658
-3537
-3653
-3682
-3602
-3485
-3354
-3280
-3213
-3207
-3658
-3141
-3559
-3229
-3367
-3613
-3701
-3466
-3145
-3644
-3669
-3190
-3522
-3693
-3440
-3559
-3620
-3517
-3208
-3780
-3758
-3477
-3749
-3598
-3557
-3711
-3329
-3552
-3270
-3259
-3300
-3722
-3282
-3297
-3344
-3379
-3465
-3766
-3531
-3270
-3448
-3439
-3442
-3483
-3571
-3465
-3225
-3380
-3299
-3261
-3795
-3617
-3460
-3831
-3335
-3351
-3772
-3731
-3369
-3404
-3222
-3839
-3614
-3557
-3571
-3390
-3392
-3481
-3706
-3722
-3783
-3302
-3495
-3711
-3239
-3538
-3366
-3276
-3827
-3755
-3438
-3301
-3524
-3261
-3706
-3332
-3233
-3702
-3236
-3545
-3681
-3238
-3672
-3760
-3265
-3345
-3709
-3850
-3648
-3713
-3313
-3273
-3522
-3398
-3244
-3689
-3762
-3399
-3676
-3495
-3352
-3642
-3539
-3774
-3490
-3388
-3555
-3800
-3756
-3831
-3892
-3528
-3635
-3742
-3790
-3757
-3801
-3283
-3722
-3505
-3624
-3548
-3569
-3863
-3884
-3884
-3776
-3887
-3900
-3557
-3300
-3746
-3664
-3869
-3372
-3467
-3600
-3361
-3884
-3611
-3641
-3639
-3390
-3543
-3600
-3737
-3586
-3768
-3853
-3675
-3837
-3391
-3433
-3359
-3604
-3373
-3500
-3604
-3912
-3347
-3580
-3833
-3401
-3727
-3538
-3372
-3380
-3536
-3478
-3418
-3441
-3772
-3347
-3584
-3706
-3955
-3756
-3782
-3398
-3447
-3518
-3722
-3390
-3433
-3823
-3928
-3691
-3807
-3673
-3746
-3516
-3503
-3609
-3908
-3775
-3785
-3354
-3870
-3922
-3676
-3396
-3591
-3701
-3405
-3436
-3613
-3837
-3674
-3955
-3368
-3688
-3866
-3608
-3553
-3794
-3748
-3688
-3677
-3852
-3480
-3399
-3578
-3403
-3658
-3974
-3626
-3825
-3981
-3778
-3720
-3393
-3623
-3729
-3651
-3416
-3484
-3746
-3416
-3710
-3992
-3598
-3537
-3851
-4016
-3749
-3724
-3579
-3406
-3499
-4002
-3602
-3592
-3704
-3776
-3731
-3669
-3410
-3987
-3689
-3682
-3811
-3890
-3641
-3683
-3696
-3606
-3525
-3812
-3938
-3689
-3568
-3551
-3432
-3586
-3552
-3582
-3460
-3480
-3635
-3548
-3684
-3527
-3721
-4037
-3459
-3494
-4066
-3907
-3973
-4013
-3738
-3996
-3749
-3507
-3966
-3830
-3550
-3821
-3630
-3864
-3522
-3994
-4058
-3528
-3917
-3721
-3683
-3648
-4093
-4021
-3910
-3480
-4044
-3474
-3605
-3770
-3496
-3511
-3614
-3637
-3485
-3729
-3903
-3985
-3631
-4007
-3494
-3556
-4049
-3878
-4088
-3803
-3731
-3571
-3852
-3539
-3698
-3493
-4082
-3943
-3966
-3505
-4117
-3572
-3568
-3945
-3941
-3839
-3677
-3588
-3506
-4049
-3658
-4088
-3824
-3966
-3735
-3747
-3866
-4142
-3942
-3730
-3919
-4121
-4038
-3865
-3532
-4024
-3920
-3668
-3573
-3815
-3750
-3713
-3957
-3875
-3809
-4069
-3921
-3983
-3564
-4164
-3959
-3619
-4170
-3710
-3685
-3942
-4087
-3545
-4151
-4040
-3626
-3695
-3873
-4104
-3742
-3624
-3903
-4017
-3603
-4156
-3740
-3846
-4128
-3942
-3853
-3728
-3744
-4190
-4139
-4006
-3740
-3611
-3812
-3865
-3719
-3585
-4143
-4047
-3694
-3668
-3876
-4196
-3699
-3578
-4207
-3628
-3854
-3847
-4085
-3920
-4082
-3946
-4197
-3995
-4153
-3748
-4042
-3858
-3903
-4123
-3589
-3887
-4060
-4203
-4122
-3846
-3817
-3649
-4064
-3786
-4027
-4216
-4159
-3670
-3957
-3869
-4017
-3647
-3726
-3931
-4204
-4146
-3636
-3780
-3708
-4159
-3830
-3919
-4021
-4005
-3787
-3993
-4093
-3701
-4083
-3944
-3980
-4072
-3735
-3954
-4137
-3809
-3716
-3837
-3797
-3882
-4038
-4141
-3724
-4116
-4253
-4168
-4006
-4269
-3766
-4096
-3678
-3826
-4024
-4195
-4046
-3947
-3841
-4277
-3655
-3720
-4163
-4039
-3709
-3946
-4278
-3758
-4291
-4037
-3739
-4253
-4212
-4062
-3958
-4172
-4220
-4270
-3916
-3754
-3881
-4059
-3960
-3761
-4269
-3885
-4067
-4129
-3728
-4209
-3719
-4025
-4253
-3929
-3747
-3988
-4032
-4074
-3720
-3818
-4234
-3981
-4233
-3784
-3841
-4267
-3925
-4252
-4334
-4112
-4261
-3871
-3982
-4258
-4024
-4182
-4023
-3999
-4174
-3853
-3932
-3950
-3930
-4200
-4217
-4334
-3853
-3892
-3827
-4215
-3762
-4360
-4331
-4262
-3852
-4020
-4098
-3737
-4203
-4320
-3917
-3964
-3862
-4016
-4010
-4230
-3764
-4168
-3759
-3994
-3810
-3793
-3944
-4234
-4317
-3866
-4338
-4370
-3807
-3848
-4164
-4057
-4074
-4076
-4208
-3802
-4362
-4196
-4249
-4279
-3815
-4242
-3815
-4398
-4230
-4085
-3961
-4272
-3872
-4005
-4288
-3796
-3916
-4236
-4275
-3868
-3811
-4168
-3965
-3905
-4102
-3986
-4203
-3800
-4268
-4394
-3879
-3803
-4372
-4416
-4269
-4277
-3809
-4305
-4435
-4179
-3826
-4316
-3928
-4443
-4159
-4258
-4141
-4131
-3912
-4258
-3916
-4052
-4431
-4039
-4336
-3874
-4213
-4207
-4411
-4196
-4124
-3969
-4314
-4147
-4224
-3982
-4184
-4197
-4010
-4117
-3894
-3965
-3940
-3915
-4091
-4323
-3998
-4468
-3983
-4445
-3911
-4055
-4311
-4061
-4419
-4176
-4309
-3976
-4388
-4205
-4412
-4048
-4116
-3899
-4041
-4115
-3915
-3903
-4177
-4386
-4472
-4363
-4157
-4094
-4321
-4324
-4078
-4242
-4314
-4355
-4046
-4158
-4156
-3951
-3927
-3957
-4292
-3883
-4232
-4447
-4278
-4252
-3938
-4175
-4514
-3930
-3911
-4096
-4426
-3908
-4228
-4130
-4107
-3947
-4324
-4238
-4341
-4335
-4370
-4539
-4150
-4239
-4286
-4175
-4017
-3967
-4161
-3989
-4053
-4255
-4078
-4164
-4522
-4105
-4500
-4342
-4370
-4131
-4536
-4383
-4121
-4264
-4003
-4494
-4256
-4090
-4146
-4305
-4269
-4433
-4538
-4457
-4110
-4515
-4021
-3941
-4074
-4127
-3982
-4250
-4389
-4444
-4237
-4088
-4135
-4305
-4485
-4456
-4482
-4077
-4317
-4027
-4464
-4084
-4589
-4215
-4321
-4013
-4196
-4376
-4039
-4140
-4277
-4385
-4254
-4341
-4525
-4409
-4153
-4400
-4125
-4607
-4248
-4112
-4445
-4110
-4285
-4573
-4230
-4339
-4273
-4008
-4368
-4305
-4362
-4148
-4528
-4410
-4598
-4515
-4005
-4257
-4433
-4382
-4096
-4047
-4384
-4479
-4113
-4405
-4316
-4018
-4611
-4555
-4458
-4575
-4240
-4578
-4252
-4263
-4395
-4637
-4487
-4120
-4096
-4157
-4324
-4075
-4522
-4603
-4237
-4404
-4298
-4623
-4526
-4109
-4290
-4666
-4376
-4327
-4228
-4323
-4205
-4169
-4277
-4034
-4059
-4637
-4107
-4135
-4258
-4668
-4174
-4348
-4084
-4538
-4548
-4571
-4227
-4585
-4162
-4422
-4620
-4674
-4204
-4631
-4167
-4249
-4384
-4279
-4213
-4356
-4432
-4634
-4375
-4296
-4190
-4481
-4142
-4612
-4129
-4374
-4357
-4399
-4287
-4086
-4646
-4207
-4176
-4716
-4536
-4496
-4299
-4151
-4515
-4473
-4095
-4327
-4693
-4526
-4150
-4222
-4346
-4394
-4109
-4503
-4316
-4650
-4611
-4679
-4136
-4638
-4298
-4538
-4105
-4518
-4384
-4342
-4172
-4364
-4654
-4145
-4202
-4301
-4133
-4679
-4175
-4452
-4661
-4655
-4544
-4660
-4701
-4662
-4225
-4562
-4757
-4671
-4308
-4468
-4510
-4478
-4391
-4695
-4387
-4462
-4579
-4281
-4498
-4779
-4245
-4177
-4393
-4677
-4171
-4586
-4351
-4377
-4470
-4704
-4207
-4721
-4298
-4772
-4566
-4283
-4606
-4309
-4590
-4323
-4427
-4550
-4414
-4604
-4187
-4411
-4661
-4272
-4693
-4428
-4463
-4191
-4728
-4528
-4476
-4667
-4807
-4660
-4361
-4444
-4348
-4535
-4819
-4708
-4390
-4692
-4627
-4377
-4707
-4748
-4402
-4342
-4389
-4631
-4461
-4320
-4456
-4515
-4235
-4251
-4496
-4460
-4259
-4561
-4449
-4710
-4802
-4423
-4290
-4299
-4631
-4631
-4838
-4411
-4371
-4849
-4409
-4641
-4650
-4832
-4818
-4676
-4222
-4790
-4781
-4409
-4820
-4280
-4746
-4356
-4526
-4808
-4365
-4342
-4862
-4868
-4632
-4820
-4635
-4770
-4299
-4627
-4438
-4436
-4542
-4293
-4748
-4518
-4368
-4703
-4706
-4777
-4647
-4487
-4472
-4538
-4287
-4425
-4729
-4618
-4258
-4695
-4528
-4706
-4605
-4641
-4267
-4868
-4548
-4300
-4395
-4472
-4633
-4570
-4840
-4373
-4543
-4715
-4671
-4354
-4663
-4794
-4725
-4474
-4882
-4789
-4426
-4909
-4852
-4850
-4573
-4512
-4876
-4696
-4507
-4807
-4854
-4572
-4523
-4614
-4685
-4306
-4369
-4913
-4885
-4747
-4796
-4547
-4661
-4701
-4664
-4333
-4539
-4616
-4940
-4541
-4911
-4385
-4554
-4952
-4904
-4737
-4833
-4818
-4688
-4422
-4810
-4610
-4932
-4663
-4829
-4678
-4780
-4871
-4609
-4536
-4796
-4732
-4847
-4369
-4695
-4407
-4582
-4751
-4646
-4893
-4666
-4793
-4753
-4671
-4462
-4462
-4760
-4841
-4912
-4451
-4934
-4476
-4644
-4900
-4397
-4744
-4932
-4984
-4721
-4444
-4880
-4662
-4716
-4890
-4591
-4765
-4961
-4854
-4728
-4903
-4673
-4407
-4992
-4513
-4476
-4708
-4677
-4830
-4762
-5007
-4697
-4452
-4768
-4906
-4893
-4688
-4690
-4988
-4874
-4796
-4775
-4592
-4852
-4800
-4666
-4556
-4709
-4562
-4807
-4864
-4516
-4630
-4855
-5015
-4722
-4625
-4764
-4983
-5025
-4885
-4536
-4911
-4772
-4669
-4924
-4499
-4523
-4474
-4976
-4719
-5029
-4541
-4521
-4494
-4740
-4850
-4774
-4940
-4652
-4983
-4603
-4561
-4942
-4817
-4715
-4925
-4692
-4948
-4772
-4813
-4956
-4611
-4504
-4779
-4700
-4699
-5070
-5052
-4791
-4681
-4789
-4904
-5047
-4741
-4459
-4908
-4877
-4995
-4789
-4734
-5054
-4637
-4653
-4887
-5037
-4808
-4717
-4630
-5044
-4790
-4825
-5026
-4739
-4960
-4687
-4523
-5054
-4929
-5120
-4854
-4715
-4493
-4519
-4879
-4977
-5052
-5049
-5090
-5022
-5024
-4638
-4701
-5023
-5013
-4633
-4876
-5071
-4838
-4725
-5105
-4511
-4871
-5040
-4975
-5004
-4765
-5045
-4884
-4890
-4752
-4926
-4940
-4782
-4714
-4938
-4706
-5059
-5034
-4750
-4890
-5036
-5087
-5165
-4825
-5128
-5143
-4664
-5022
-4902
-4778
-5071
-4854
-4750
-4863
-4805
-4967
-4928
-4688
-4749
-4911
-5064
-4933
-5152
-4628
-4671
-5038
-5122
-4650
-4798
-4603
-4852
-4747
-5024
-4964
-4683
-4598
-5009
-5172
-5155
-5098
-4994
-4867
-4722
-5170
-5013
-5098
-5166
-4741
-4760
-4575
-4953
-4621
-4987
-4595
-5143
-4661
-4882
-4860
-4709
-4959
-4844
-5028
-4679
-4665
-4675
-4639
-4992
-4833
-4790
-4602
-4693
-4778
-4888
-4743
-5195
-4985
-5019
-5141
-4731
-5092
-4687
-5145
-4731
-4716
-4918
-4977
-5005
-5214
-5190
-4719
-5207
-4987
-4947
-5236
-4720
-4829
-5060
-5095
-5094
-4732
-5243
-5156
-5046
-4899
-4971
-4995
-5052
-4875
-5221
-5214
-4842
-5189
-5268
-4831
-5158
-4883
-4998
-4775
-5003
-4716
-5246
-5212
-5235
-5129
-4803
-5133
-4771
-5276
-4802
-4790
-4706
-5227
-4749
-5238
-4831
-4909
-4893
-5193
-4764
-4893
-4685
-4667
-4852
-5220
-4959
-4778
-4941
-5269
-5267
-5146
-5059
-5142
-4806
-5025
-4989
-4885
-4905
-5258
-4778
-4981
-4949
-4848
-4909
-5043
-4784
-5230
-5202
-5114
-4905
-5321
-5040
-5200
-5173
-5219
-4744
-4764
-4874
-5335
-5142
-5017
-4970
-4837
-4888
-4908
-4885
-4901
-4995
-5087
-4876
-5000
-4778
-4715
-4984
-4732
-4889
-5046
-5249
-5310
-4900
-4756
-5042
-5365
-5124
-4774
-5031
-5311
-4964
-4751
-5335
-5354
-5358
-5376
-5238
-4908
-4804
-5367
-5044
-4881
-5013
-4800
-4955
-5279
-4752
-4890
-4950
-5004
-5226
-4887
-5106
-4860
-4758
-4800
-5286
-5133
-4999
-4898
-5329
-5204
-4936
-5292
-4877
-5132
-4788
-4808
-4834
-4920
-5037
-5251
-5162
-4849
-4795
-5081
-5130
-5018
-5226
-5389
-5300
-4897
-5070
-5401
-4855
-4999
-5381
-5159
-4792
-5348
-4905
-5116
-5381
-5094
-5216
-5390
-5417
-4985
-5056
-5186
-4866
-4987
-5009
-5358
-5417
-4806
-5337
-5026
-4991
-5367
-5041
-5219
-5271
-5452
-5156
-5307
-5279
-5323
-5307
-5021
-5018
-5360
-5310
-5242
-5174
-5355
-5235
-5324
-5295
-4947
-5320
-5055
-5154
-5271
-5311
-5109
-5318
-4906
-5238
-5452
-5346
-5147
-5128
-4935
-5213
-5031
-5233
-5035
-4855
-5220
-5454
-5383
-5216
-4934
-5290
-5461
-5314
-5173
-5362
-5476
-5391
-5028
-5301
-5422
-5455
-4881
-5175
-5245
-5144
-4918
-5467
-4962
-5296
-4937
-5104
-5132
-4991
-5468
-5202
-5343
-4974
-5302
-4927
-4887
-5122
-5161
-5239
-5073
-4979
-5371
-5398
-5034
-4917
-5132
-5370
-4929
-5431
-4970
-5111
-5459
-5277
-5030
-5522
-4918
-4930
-4965
-4925
-5435
-4939
-5317
-5173
-5403
-5264
-5345
-5253
-5172
-5099
-5085
-5451
-5477
-5277
-5336
-4997
-5129
-5007
-5462
-5349
-5184
-4992
-5031
-5171
-5333
-5230
-5426
-5566
-5150
-5533
-5308
-5281
-5218
-5207
-5177
-5106
-5146
-5089
-5163
-5304
-5060
-5350
-5104
-5295
-4957
-5449
-5501
-5128
-5109
-5423
-5434
-5216
-5218
-5502
-5602
-5120
-5409
-5574
-5038
-5457
-5046
-5332
-5364
-5604
-5524
-5015
-5529
-5550
-5413
-5007
-5314
-5443
-5562
-5075
-5328
-5332
-5457
-5452
-5099
-5208
-5202
-5186
-5036
-5533
-5068
-5234
-5068
-5219
-5144
-5078
-5052
-5108
-5384
-5045
-5554
-5393
-5444
-5341
-5041
-5533
-5542
-5338
-5629
-5578
-5445
-5338
-5505
-5285
-5066
-5345
-5606
-5610
-5545
-5574
-5650
-5244
-5061
-5464
-5353
-5563
-5246
-5522
-5654
-5367
-5319
-5217
-5584
-5457
-5600
-5338
-5331
-5229
-5231
-5318
-5523
-5580
-5463
-5495
-5231
-5471
-5128
-5117
-5440
-5655
-5530
-5398
-5467
-5313
-5378
-5423
-5160
-5293
-5110
-5233
-5070
-5149
-5221
-5105
-5666
-5197
-5160
-5301
-5552
-5196
-5707
-5399
-5260
-5241
-5717
-5436
-5102
-5535
-5298
-5488
-5679
-5703
-5191
-5183
-5713
-5275
-5697
-5724
-5585
-5692
-5185
-5595
-5104
-5185
-5331
-5602
-5370
-5172
-5287
-5249
-5118
-5533
-5338
-5160
-5319
-5513
-5466
-5529
-5459
-5297
-5491
-5482
-5720
-5697
-5383
-5455
-5711
-5442
-5248
-5650
-5731
-5293
-5643
-5125
-5549
-5385
-5181
-5606
-5481
-5213
-5160
-5602
-5602
-5138
-5172
-5221
-5227
-5598
-5663
-5552
-5715
-5253
-5242
-5578
-5253
-5362
-5376
-5728
-5562
-5356
-5575
-5255
-5575
-5261
-5623
-5658
-5326
-5653
-5358
-5338
-5391
-5797
-5230
-5198
-5178
-5259
-5339
-5634
-5486
-5553
-5780
-5504
-5407
-5739
-5332
-5383
-5706
-5305
-5578
-5698
-5624
-5545
-5430
-5557
-5674
-5228
-5681
-5478
-5777
-5751
-5264
-5266
-5604
-5687
-5682
-5821
-5200
-5343
-5661
-5331
-5258
-5280
-5741
-5599
-5415
-5533
-5694
-5598
-5839
-5525
-5510
-5739
-5442
-5265
-5529
-5471
-5483
-5532
-5762
-5508
-5443
-5248
-5288
-5733
-5470
-5458
-5722
-5739
-5572
-5352
-5517
-5277
-5628
-5402
-5455
-5374
-5834
-5497
-5442
-5661
-5681
-5530
-5704
-5439
-5277
-5489
-5405
-5879
-5361
-5834
-5598
-5894
-5525
-5534
-5305
-5842
-5775
-5675
-5295
-5318
-5704
-5690
-5390
-5476
-5602
-5587
-5504
-5805
-5561
-5621
-5276
-5858
-5352
-5667
-5327
-5653
-5362
-5485
-5485
-5511
-5772
-5300
-5352
-5650
-5675
-5792
-5787
-5883
-5623
-5527
-5663
-5788
-5695
-5684
-5891
-5921
-5497
-5586
-5865
-5767
-5390
-5752
-5871
-5860
-5813
-5694
-5749
-5624
-5775
-5917
-5818
-5876
-5488
-5671
-5811
-5733
-5827
-5521
-5804
-5586
-5699
-5881
-5445
-5412
-5760
-5663
-5539
-5382
-5456
-5888
-5673
-5465
-5662
-5719
-5689
-5949
-5766
-5585
-5734
-5535
-5939
-5397
-5695
-5752
-5415
-5805
-5755
-5521
-5743
-5950
-5454
-5785
-5926
-5446
-5619
-5365
-5383
-5973
-5809
-5546
-5849
-5639
-5832
-5567
-5421
-5890
-5696
-5494
-5659
-5675
-5536
-5438
-5421
-5801
-6003
-5900
-5834
-5595
-5666
-5426
-5987
-5453
-5544
-5860
-5433
-5917
-5649
-5781
-5535
-5961
-5719
-5788
-5903
-5474
-5875
-5628
-5691
-5529
-5804
-5994
-5834
-5875
-6023
-5550
-5497
-5847
-5599
-5797
-5437
-6015
-5561
-5972
-6048
-6024
-6030
-6054
-5926
-5697
-5712
-5468
-5835
-5765
-5817
-5995
-5997
-5469
-5830
-6041
-5666
-5710
-5562
-5589
-5796
-5503
-5600
-5733
-5554
-5614
-5651
-5686
-6058
-5512
-5462
-5658
-5910
-5829
-5456
-5534
-5505
-6059
-5635
-5534
-5896
-5456
-5735
-5996
-5996
-5996
-5824
-5882
-5581
-5905
-6038
-5870
-6080
-5696
-5702
-6093
-5733
-5915
-5568
-5729
-5487
-5918
-5510
-5920
-6059
-6016
-5702
-5822
-6057
-5728
-5653
-5857
-5503
-6068
-5877
-5688
-5767
-5921
-6078
-5825
-5909
-5736
-5870
-6086
-5515
-5977
-5513
-5899
-5974
-5842
-5640
-5571
-5746
-5841
-5568
-5886
-5549
-5870
-5766
-6126
-5717
-6058
-5597
-6057
-5756
-6112
-5567
-5572
-6072
-5789
-5664
-5759
-6139
-5870
-5924
-5940
-5997
-5679
-6050
-5944
-5871
-5715
-5880
-5546
-5948
-5607
-5742
-5711
-6171
-6124
-5716
-6090
-5978
-6153
-5551
-5986
-5789
-5606
-5631
-5626
-6156
-6137
-5787
-6000
-5690
-6076
-5691
-5814
-6002
-5901
-6177
-5878
-5900
-6013
-5574
-5979
-6017
-5634
-5868
-5938
-5901
-5667
-5787
-5647
-5664
-5603
-6153
-5713
-5655
-6193
-6092
-5999
-6122
-6038
-6168
-6201
-6005
-6044
-6023
-5941
-6019
-5972
-5970
-6150
-5890
-5693
-6238
-6192
-5889
-5932
-6000
-5951
-5954
-5829
-6131
-6077
-5907
-6164
-5618
-5682
-5774
-6057
-6065
-5725
-6050
-5686
-5751
-5896
-5756
-6128
-6140
-5926
-6149
-5805
-5940
-5775
-5650
-5878
-5651
-6243
-5744
-6188
-6201
-5816
-5881
-5805
-5797
-6022
-6187
-5846
-6121
-5946
-5797
-5951
-5707
-5863
-5979
-6249
-6284
-5939
-5775
-5708
-5750
-5655
-6205
-6032
-6109
-5662
-5933
-5785
-5681
-5677
-5700
-6006
-6078
-6151
-5835
-5889
-6111
-5713
-5931
-5678
-5701
-5921
-5805
-6274
-5948
-5965
-5767
-5725
-5776
-5737
-6269
-5743
-5957
-5798
-6101
-6207
-5842
-5910
-6285
-6309
-5896
-6274
-6278
-5742
-6330
-6018
-5965
-6106
-5839
-6032
-6239
-5794
-5707
-6280
-5832
-6093
-6201
-5941
-6226
-5953
-6189
-5867
-6229
-6181
-6281
-6320
-5732
-6219
-6141
-5834
-5781
-5880
-6149
-6011
-6027
-5934
-5857
-5957
-6302
-6071
-6153
-6185
-6053
-6209
-6240
-6292
-6000
-5879
-6173
-5967
-6238
-5903
-6354
-6192
-6309
-5771
-6123
-5769
-5980
-6134
-6083
-6290
-6358
-6258
-6017
-6084
-5796
-5981
-6187
-6359
-6140
-6368
-6047
-6246
-5852
-6225
-6219
-6379
-6321
-6224
-6330
-6163
-5882
-6033
-5825
-6004
-6101
-6200
-5816
-6369
-5916
-6244
-6162
-6136
-6172
-6051
-5903
-6350
-6243
-5813
-6215
-5979
-6068
-5833
-6435
-6295
-6066
-6334
-6328
-6250
-6056
-6280
-6306
-6306
-6331
-5825
-5994
-6028
-6215
-6331
-5829
-6372
-6450
-6177
-6094
-5896
-6022
-6295
-5877
-5854
-5908
-6326
-5969
-6201
-6299
-6292
-6419
-6362
-6332
-5976
-6199
-5889
-6040
-6050
-6344
-6246
-6111
-6473
-6098
-5918
-6271
-6296
-6070
-6365
-6272
-6457
-6364
-5991
-6422
-5982
-6113
-5911
-6299
-6075
-6071
-6252
-6128
-6481
-6150
-6245
-6316
-6119
-6196
-6358
-6466
-6471
-6355
-6245
-5962
-6376
-6347
-6352
-6202
-5877
-5978
-6423
-6203
-6200
-6477
-6389
-6072
-6233
-6054
-6509
-6267
-6255
-6017
-6065
-6026
-6103
-6116
-6019
-6413
-6210
-6483
-5980
-6028
-6529
-6488
-6473
-6256
-6444
-6425
-6371
-6231
-6071
-6537
-6471
-6203
-5914
-6298
-6368
-5986
-6018
-6431
-6271
-6145
-6234
-6303
-6211
-6261
-5991
-6362
-6516
-6080
-6178
-6471
-6544
-6386
-6504
-5985
-6109
-6076
-6573
-6545
-6407
-5964
-6554
-6136
-6146
-6575
-6070
-6230
-6231
-6248
-6043
-6142
-6231
-6535
-6435
-6093
-6175
-6232
-6313
-6512
-6170
-6238
-6355
-6336
-6060
-6122
-6108
-6413
-6099
-6314
-6229
-6539
-6284
-6159
-6402
-6431
-6072
-6590
-6553
-6613
-6600
-6233
-6560
-5982
-6293
-6210
-6572
-6313
-6392
-6116
-6305
-6147
-6616
-6025
-6068
-6242
-6598
-6090
-6213
-6486
-6163
-6558
-6211
-6584
-6310
-6635
-6036
-6050
-6053
-6331
-6224
-6371
-6395
-6271
-6077
-6226
-6197
-6023
-6441
-6593
-6034
-6650
-6603
-6164
-6487
-6612
-6363
-6189
-6504
-6081
-6216
-6427
-6492
-6310
-6359
-6651
-6149
-6589
-6306
-6308
-6215
-6270
-6303
-6167
-6662
-6129
-6356
-6643
-6662
-6417
-6171
-6337
-6231
-6079
-6068
-6142
-6060
-6410
-6148
-6262
-6273
-6184
-6704
-6323
-6069
-6370
-6243
-6422
-6604
-6707
-6197
-6143
-6714
-6278
-6337
-6392
-6504
-6531
-6714
-6090
-6309
-6495
-6444
-6163
-6491
-6143
-6508
-6495
-6555
-6601
-6662
-6421
-6607
-6491
-6441
-6628
-6523
-6434
-6473
-6540
-6579
-6736
-6140
-6499
-6191
-6345
-6707
-6743
-6699
-6234
-6625
-6320
-6134
-6714
-6390
-6181
-6293
-6459
-6126
-6132
-6157
-6354
-6371
-6552
-6126
-6727
-6219
-6672
-6493
-6669
-6357
-6242
-6337
-6198
-6465
-6195
-6178
-6177
-6745
-6407
-6771
-6582
-6208
-6567
-6294
-6434
-6714
-6700
-6531
-6520
-6250
-6629
-6352
-6661
-6234
-6580
-6458
-6668
-6552
-6358
-6425
-6539
-6556
-6234
-6777
-6234
-6661
-6288
-6570
-6672
-6549
-6180
-6437
-6646
-6548
-6218
-6736
-6473
-6212
-6696
-6655
-6665
-6497
-6736
-6723
-6604
-6217
-6540
-6629
-6530
-6791
-6457
-6539
-6599
-6784
-6197
-6689
-6483
-6315
-6588
-6507
-6285
-6345
-6800
-6299
-6711
-6530
-6839
-6434
-6707
-6435
-6235
-6357
-6549
-6356
-6227
-6642
-6384
-6530
-6770
-6794
-6414
-6364
-6802
-6404
-6329
-6683
-6845
-6776
-6797
-6458
-6408
-6344
-6523
-6598
-6791
-6430
-6765
-6238
-6485
-6685
-6464
-6309
-6412
-6841
-6766
-6761
-6696
-6595
-6600
-6441
-6799
-6650
-6865
-6485
-6782
-6638
-6819
-6594
-6674
-6286
-6301
-6782
-6482
-6723
-6273
-6802
-6547
-6742
-6607
-6694
-6271
-6478
-6597
-6302
-6910
-6879
-6472
-6578
-6837
-6399
-6318
-6560
-6774
-6834
-6844
-6346
-6682
-6544
-6383
-6645
-6854
-6805
-6754
-6808
-6488
-6346
-6645
-6709
-6614
-6604
-6822
-6525
-6757
-6898
-6893
-6729
-6592
-6492
-6822
-6867
-6887
-6652
-6763
-6910
-6871
-6412
-6940
-6479
-6632
-6924
-6330
-6462
-6361
-6696
-6395
-6525
-6404
-6798
-6628
-6502
-6518
-6482
-6375
-6622
-6895
-6477
-6942
-6440
-6947
-6721
-6365
-6701
-6900
-6499
-6851
-6542
-6895
-6874
-6363
-6503
-6755
-6565
-6980
-6419
-6889
-6987
-6733
-6993
-6794
-6593
-6719
-6888
-6943
-6805
-6844
-6552
-6884
-6532
-6986
-6768
-6844
-6921
-6405
-6522
-6957
-6393
-6571
-6518
-6810
-6966
-6763
-6568
-6767
-6520
-6624
-6650
-6637
-6849
-6838
-6682
-6789
-6708
-6849
-6527
-6706
-6615
-6844
-6783
-6752
-6458
-7018
-6823
-6963
-6810
-6565
-6698
-6451
-7022
-6749
-6416
-6753
-6697
-6740
-7042
-6416
-6941
-6484
-6662
-6474
-6622
-6934
-6453
-6857
-6953
-6794
-6508
-6952
-6497
-7020
-6861
-6763
-6790
-6722
-6448
-6775
-6476
-6556
-6579
-6733
-6491
-6605
-6844
-6967
-6669
-7033
-6739
-7084
-6581
-6825
-6644
-7077
-6670
-6574
-6891
-6762
-6553
-6524
-6495
-6810
-6520
-6611
-6613
-6980
-7062
-6564
-6586
-6818
-6956
-6763
-7067
-6770
-7053
-6702
-6611
-6876
-6657
-6836
-7010
-7011
-7043
-6596
-6886
-6716
-6751
-6975
-7076
-7053
-6983
-6792
-7008
-6840
-6995
-6505
-6912
-6756
-7110
-6727
-6697
-7012
-6578
-6809
-7039
-6919
-6916
-7065
-6557
-6976
-6862
-6995
-6633
-6839
-6569
-6750
-6622
-6706
-7050
-6617
-7072
-6801
-6740
-6998
-6728
-6691
-6548
-7015
-6790
-6671
-6605
-7003
-6943
-7010
-7096
-7165
-6968
-7006
-7176
-7167
-6540
-6895
-6997
-7112
-7117
-7172
-6869
-6848
-6670
-6878
-6990
-6680
-6889
-6776
-6576
-6701
-6570
-6571
-6847
-7106
-6703
-6924
-6975
-6699
-6900
-6564
-6928
-6861
-6958
-6996
-7203
-7105
-6578
-7022
-6817
-6689
-7201
-7095
-7081
-6964
-7073
-7044
-6769
-6643
-6688
-6963
-6908
-6820
-7007
-7202
-6899
-7055
-6685
-6858
-7080
-6699
-7127
-6624
-6741
-7085
-7085
-7106
-7138
-6802
-6648
-7184
-7174
-6897
-7091
-6812
-6757
-6769
-6835
-7027
-7129
-6714
-6747
-6649
-6857
-6690
-6723
-6981
-7105
-6679
-6996
-7167
-6787
-6822
-6966
-6933
-6901
-6943
-7010
-7197
-7193
-7150
-6973
-6786
-6638
-6906
-7221
-6725
-6666
-6949
-6763
-7228
-6925
-7135
-7055
-6817
-6851
-7051
-7230
-7247
-6891
-6739
-6908
-6787
-6851
-6771
-7143
-6830
-7100
-7241
-6790
-6967
-7225
-6702
-6852
-7165
-6862
-6784
-7030
-6784
-7083
-7194
-6791
-7317
-7263
-6850
-6993
-6695
-6916
-7056
-7133
-6880
-7321
-7145
-7151
-7071
-6900
-7073
-6974
-6914
-6736
-7076
-7319
-7189
-7242
-6799
-6817
-7245
-6770
-6792
-6739
-7008
-6952
-7057
-6719
-6992
-7193
-6785
-7034
-6780
-7100
-6891
-7272
-6757
-7013
-7154
-6856
-7221
-7221
-7050
-6921
-6998
-6876
-7106
-7195
-7232
-7001
-7208
-7174
-7066
-6747
-7287
-6940
-6897
-7088
-7202
-7309
-7049
-7218
-7288
-6898
-7013
-7283
-7095
-7035
-7051
-6893
-6881
-6990
-6982
-7000
-6944
-6760
-7279
-6965
-7306
-6955
-7002
-6862
-7128
-7073
-7281
-7051
-6908
-7138
-6906
-7360
-7234
-7358
-7288
-7060
-7042
-7213
-6965
-7008
-6893
-6820
-7128
-7126
-7000
-7400
-6871
-7382
-7357
-7005
-7293
-6973
-6885
-7197
-6865
-6830
-7002
-7135
-7301
-7395
-7005
-6928
-7228
-7119
-6863
-7250
-7248
-7009
-7332
-7140
-7236
-7242
-7253
-7218
-6999
-7226
-7156
-6895
-6943
-7000
-7077
-7416
-6971
-7303
-7009
-7014
-7316
-7035
-6950
-6863
-7381
-7165
-7235
-7021
-6976
-7214
-6839
-7254
-7266
-7154
-7025
-7019
-6994
-7136
-7049
-7217
-7395
-6979
-7183
-6947
-6981
-7363
-7291
-7208
-6949
-7163
-7074
-6868
-6918
-7333
-6964
-6966
-7422
-7109
-7216
-7143
-7284
-7055
-7417
-7099
-7122
-7354
-7017
-7502
-7372
-7423
-7078
-7385
-7512
-6947
-7295
-7374
-6937
-7072
-6951
-6986
-7059
-7486
-7025
-7508
-7175
-7435
-7372
-7388
-6915
-7467
-7427
-7371
-7045
-7302
-7203
-7162
-7226
-7494
-6968
-7059
-7069
-7429
-7032
-7490
-7514
-6990
-7480
-6954
-7413
-7318
-6931
-7341
-7052
-7369
-7011
-7102
-7523
-7217
-7047
-7540
-7004
-7047
-7145
-7342
-7030
-7561
-6960
-7229
-7147
-7380
-7392
-6997
-7402
-7480
-6984
-7122
-7569
-7010
-7344
-7414
-7445
-7128
-7411
-7025
-7237
-7220
-7195
-7452
-7199
-7542
-7244
-7587
-7432
-7104
-7384
-7083
-7328
-7508
-7054
-7059
-7019
-7256
-7334
-7194
-7390
-7109
-7246
-7328
-7420
-7576
-7410
-7598
-7534
-7523
-7006
-7210
-7312
-7351
-7127
-7441
-7159
-7115
-7099
-7343
-7532
-7106
-7177
-7547
-7281
-7209
-7406
-7046
-7468
-7392
-7418
-7502
-7366
-7143
-7369
-7345
-7436
-7469
-7271
-7625
-7174
-7164
-7073
-7264
-7102
-7199
-7365
-7521
-7383
-7568
-7092
-7488
-7236
-7391
-7388
-7204
-7600
-7073
-7639
-7031
-7461
-7183
-7177
-7547
-7495
-7043
-7322
-7316
-7238
-7458
-7220
-7108
-7679
-7622
-7240
-7635
-7358
-7376
-7178
-7399
-7520
-7230
-7366
-7576
-7628
-7588
-7598
-7214
-7352
-7478
-7631
-7376
-7599
-7603
-7297
-7224
-7569
-7404
-7420
-7420
-7626
-7525
-7706
-7458
-7343
-7607
-7101
-7211
-7122
-7451
-7534
-7694
-7211
-7306
-7339
-7134
-7720
-7603
-7660
-7087
-7379
-7698
-7280
-7560
-7160
-7499
-7279
-7428
-7597
-7615
-7731
-7329
-7245
-7195
-7107
-7523
-7382
-7698
-7197
-7265
-7282
-7542
-7508
-7195
-7441
-7294
-7506
-7500
-7128
-7136
-7301
-7598
-7719
-7710
-7611
-7441
-7324
-7422
-7624
-7677
-7418
-7333
-7220
-7433
-7546
-7251
-7167
-7428
-7378
-7216
-7364
-7218
-7208
-7288
-7186
-7554
-7662
-7456
-7592
-7275
-7504
-7475
-7734
-7489
-7500
-7399
-7281
-7576
-7511
-7709
-7308
-7408
-7513
-7303
-7289
-7187
-7696
-7755
-7765
-7285
-7293
-7516
-7346
-7396
-7713
-7750
-7289
-7805
-7649
-7679
-7615
-7717
-7181
-7801
-7646
-7377
-7771
-7697
-7664
-7610
-7513
-7787
-7712
-7600
-7276
-7670
-7368
-7588
-7544
-7672
-7838
-7629
-7629
-7457
-7336
-7391
-7395
-7426
-7664
-7628
-7328
-7401
-7443
-7399
-7347
-7766
-7489
-7821
-7233
-7406
-7851
-7531
-7839
-7282
-7419
-7620
-7436
-7317
-7275
-7465
-7522
-7852
-7640
-7508
-7524
-7320
-7316
-7719
-7255
-7415
-7317
-7794
-7593
-7316
-7810
-7257
-7672
-7635
-7656
-7639
-7347
-7302
-7444
-7471
-7474
-7457
-7345
-7455
-7335
-7293
-7630
-7858
-7789
-7677
-7312
-7310
-7463
-7537
-7781
-7399
-7808
-7556
-7546
-7529
-7665
-7328
-7437
-7736
-7407
-7473
-7798
-7666
-7364
-7894
-7602
-7837
-7505
-7525
-7314
-7759
-7486
-7615
-7545
-7674
-7387
-7333
-7568
-7313
-7413
-7480
-7564
-7493
-7578
-7689
-7349
-7406
-7841
-7806
-7772
-7915
-7836
-7872
-7761
-7894
-7583
-7467
-7913
-7779
-7677
-7941
-7463
-7375
-7929
-7822
-7915
-7906
-7711
-7922
-7455
-7651
-7590
-7887
-7650
-7664
-7432
-7776
-7783
-7823
-7801
-7566
-7969
-7827
-7710
-7544
-7600
-7503
-7476
-7765
-7937
-7852
-7503
-7766
-7870
-7661
-7693
-7556
-7765
-7426
-7367
-7682
-7783
-7660
-7508
-7460
-7518
-7871
-7521
-7703
-7441
-7962
-7900
-7795
-7854
-7419
-7788
-7506
-7988
-7639
-7877
-7630
-7973
-7846
-7725
-7519
-7992
-7516
-7811
-7797
-7940
-7782
-7742
-7746
-7667
-7895
-7682
-7681
-7465
-7530
-7562
-7715
-7971
-8038
-7760
-7576
-7762
-7661
-7956
-7412
-7917
-7425
-7988
-7796
-7705
-7754
-7605
-7706
-7490
-7529
-8035
-7415
-7606
-7517
-7698
-7723
-7670
-7690
-7806
-7447
-7756
-7567
-7529
-7767
-8029
-7624
-7866
-7460
-8042
-7754
-7484
-8062
-7519
-7911
-7827
-7872
-8069
-7795
-7488
-7985
-7693
-7986
-7965
-7894
-7593
-7989
-8019
-7818
-7935
-7555
-7785
-7551
-7868
-7461
-7594
-7619
-7654
-7757
-7819
-7681
-7691
-7475
-8007
-7975
-7515
-8050
-7662
-7606
-8032
-7477
-7484
-7797
-8028
-7638
-7677
-7743
-7916
-8045
-7891
-7908
-7770
-8028
-7514
-7491
-7770
-7767
-7841
-7742
-8000
-7815
-7827
-7993
-7507
-7525
-7761
-7753
-7555
-7790
-7854
-8030
-8011
-7856
-7747
-7508
-7809
-7940
-7542
-7522
-7757
-8047
-8069
-7975
-7982
-7638
-7929
-8029
-7585
-8154
-7830
-8008
-8034
-7594
-7619
-8014
-7683
-7794
-7738
-8066
-7643
-7559
-8098
-7947
-8173
-7683
-7904
-7921
-7822
-8163
-7728
-8012
-7602
-7606
-8113
-7630
-7723
-7671
-7714
-7658
-7942
-7904
-7981
-8094
-7735
-7929
-8033
-8201
-7699
-7570
-7939
-7664
-8103
-8119
-7709
-7738
-7856
-7984
-8193
-7966
-7958
-7696
-8146
-7867
-8032
-8156
-8131
-8072
-8011
-8004
-8084
-7735
-8164
-7981
-8039
-8229
-8197
-8168
-7735
-7908
-8131
-7820
-7725
-7790
-7786
-8051
-7780
-7784
-8218
-8057
-8079
-8140
-7612
-7727
-8167
-8064
-7757
-7916
-7722
-7772
-8017
-7777
-8108
-8011
-8082
-8038
-7810
-8241
-8018
-7983
-7886
-7820
-8028
-7637
-8079
-8245
-7882
-7671
-8117
-7702
-7965
-8120
-7752
-7743
-7794
-8278
-8065
-7650
-8161
-7951
-8044
-8140
-7732
-7756
-7856
-8009
-7648
-8260
-8023
-7887
-7752
-7663
-7967
-8008
-8209
-8135
-7753
-7767
-7953
-7833
-8274
-8172
-7672
-8164
-8110
-7942
-8211
-7709
-8046
-8147
-7809
-7935
-8180
-7929
-7756
-8260
-8282
-8233
-7741
-8249
-7695
-8144
-7713
-8019
-7897
-8237
-8267
-7882
-7872
-8039
-7807
-8107
-7726
-8007
-7987
-8031
-7824
-8251
-7945
-8234
-7727
-7925
-8342
-8150
-7740
-8125
-7971
-8146
-8247
-8015
-7786
-7982
-7990
-8215
-8328
-8253
-8231
-7768
-8234
-8095
-8067
-7942
-8329
-8083
-7942
-8256
-8279
-8290
-7855
-7740
-7954
-8219
-7856
-8250
-7961
-7751
-7951
-8365
-8294
-7900
-8193
-8099
-7955
-7823
-8007
-7759
-8012
-7834
-7838
-8311
-7810
-7842
-7902
-8190
-7791
-7981
-8015
-8151
-7903
-8401
-8201
-8315
-8082
-7817
-8339
-8410
-8271
-7930
-7980
-7807
-8070
-7922
-7803
-7910
-7998
-8014
-8398
-7880
-8398
-8385
-8102
-8012
-8194
-8370
-8360
-8209
-7956
-8355
-8312
-7861
-8111
-8081
-8215
-8001
-8088
-8037
-8039
-7818
-8100
-7878
-8158
-8277
-8386
-8047
-8368
-7924
-7883
-8329
-8379
-8203
-7840
-8178
-7921
-7904
-8256
-8096
-7906
-7907
-8305
-7950
-8395
-8044
-7895
-8465
-8230
-8358
-8000
-8366
-8224
-8460
-8230
-8402
-8433
-8186
-8331
-8463
-8437
-8447
-8356
-8204
-8136
-8376
-8411
-8188
-7919
-8188
-8057
-8040
-8491
-8179
-8415
-8298
-8382
-8389
-8353
-7942
-7973
-8365
-7888
-8046
-7997
-8039
-8452
-8188
-8264
-8218
-8249
-8084
-8378
-8361
-8380
-7973
-8423
-8322
-8346
-7986
-8449
-8335
-8289
-7945
-8212
-8217
-8310
-8171
-8060
-8381
-8497
-8477
-7946
-8270
-8210
-8498
-8156
-7909
-7983
-8342
-7978
-8476
-8404
-8304
-8197
-8182
-8118
-8526
-7997
-8217
-8434
-8089
-7993
-8457
-8045
-8526
-8024
-8351
-8377
-8155
-8070
-8156
-8139
-8385
-8127
-7930
-8097
-8192
-8509
-7941
-8191
-8190
-8143
-8063
-8501
-8356
-7977
-8197
-8271
-8518
-8184
-8213
-8004
-8044
-8169
-8453
-8426
-8336
-8228
-8212
-8228
-8520
-8465
-8132
-8284
-8024
-8487
-8150
-8517
-8531
-8410
-8350
-8013
-8022
-8574
-8404
-8327
-7967
-8254
-8292
-8225
-8408
-8503
-8320
-8136
-8443
-8378
-8342
-8475
-8411
-8142
-8047
-8503
-8579
-8389
-8276
-8142
-8510
-8404
-8140
-8322
-8477
-8229
-8580
-8316
-8210
-8136
-8637
-8412
-8292
-8254
-8171
-8572
-8564
-8314
-8578
-8066
-8390
-8472
-8162
-8069
-8466
-8388
-8037
-8444
-8385
-8493
-8544
-8599
-8334
-8437
-8487
-8357
-8283
-8187
-8483
-8562
-8546
-8199
-8217
-8419
-8262
-8207
-8394
-8531
-8036
-8506
-8512
-8108
-8168
-8387
-8346
-8587
-8407
-8208
-8160
-8280
-8344
-8453
-8381
-8518
-8144
-8126
-8392
-8066
-8455
-8333
-8635
-8441
-8301
-8498
-8099
-8523
-8455
-8086
-8263
-8211
-8408
-8681
-8460
-8472
-8324
-8599
-8518
-8337
-8582
-8569
-8677
-8256
-8296
-8662
-8458
-8581
-8443
-8142
-8348
-8112
-8120
-8109
-8213
-8332
-8699
-8668
-8577
-8306
-8460
-8469
-8387
-8503
-8287
-8334
-8156
-8709
-8473
-8319
-8342
-8220
-8201
-8550
-8215
-8352
-8159
-8343
-8129
-8686
-8152
-8209
-8204
-8265
-8311
-8296
-8342
-8461
-8278
-8445
-8681
-8536
-8431
-8546
-8374
-8199
-8279
-8243
-8568
-8387
-8747
-8431
-8185
-8159
-8599
-8734
-8651
-8298
-8603
-8294
-8392
-8778
-8167
-8203
-8303
-8232
-8667
-8686
-8424
-8621
-8246
-8345
-8194
-8308
-8654
-8582
-8331
-8506
-8224
-8678
-8352
-8263
-8218
-8510
-8233
-8307
-8665
-8679
-8637
-8514
-8746
-8636
-8449
-8780
-8403
-8237
-8372
-8586
-8613
-8729
-8337
-8221
-8391
-8441
-8322
-8429
-8704
-8809
-8246
-8534
-8817
-8240
-8331
-8270
-8358
-8616
-8706
-8534
-8645
-8712
-8489
-8224
-8518
-8491
-8456
-8420
-8291
-8726
-8418
-8543
-8844
-8508
-8837
-8366
-8535
-8472
-8262
-8368
-8382
-8260
-8344
-8591
-8660
-8249
-8451
-8625
-8810
-8241
-8652
-8340
-8381
-8518
-8243
-8521
-8389
-8779
-8377
-8866
-8410
-8412
-8492
-8428
-8251
-8869
-8748
-8741
-8328
-8613
-8646
-8570
-8283
-8552
-8297
-8339
-8654
-8684
-8690
-8680
-8462
-8475
-8389
-8563
-8831
-8477
-8693
-8809
-8708
-8908
-8583
-8439
-8626
-8505
-8797
-8484
-8768
-8913
-8894
-8822
-8511
-8327
-8717
-8596
-8590
-8689
-8658
-8338
-8825
-8296
-8602
-8681
-8319
-8507
-8439
-8882
-8883
-8790
-8306
-8657
-8326
-8718
-8623
-8932
-8771
-8357
-8601
-8924
-8657
-8916
-8473
-8518
-8391
-8803
-8560
-8832
-8423
-8764
-8884
-8626
-8330
-8547
-8566
-8590
-8410
-8804
-8413
-8544
-8341
-8515
-8487
-8933
-8784
-8974
-8831
-8514
-8770
-8459
-8719
-8539
-8856
-8942
-8962
-8752
-8815
-8678
-8566
-8404
-8956
-8811
-8973
-8637
-8453
-8598
-8441
-8483
-8826
-8562
-8534
-8912
-8463
-8554
-8952
-8813
-8858
-8839
-8725
-8598
-8876
-8449
-8799
-8877
-8812
-8983
-8606
-8464
-8717
-8592
-8974
-8580
-8395
-8487
-8413
-8481
-8806
-8530
-9026
-8741
-8603
-8748
-8869
-8791
-8441
-8736
-8957
-8778
-8542
-8497
-8538
-8610
-8511
-8434
-8941
-8820
-8563
-8897
-8826
-8454
-8453
-8945
-8967
-8663
-9016
-8954
-8935
-8548
-8735
-8596
-8759
-8986
-8557
-8504
-9062
-9045
-8707
-8538
-8983
-8539
-8897
-8437
-8653
-8881
-8786
-8536
-8828
-8673
-8894
-8684
-8501
-8574
-8884
-8549
-8718
-8601
-8819
-8626
-8564
-8687
-9027
-8550
-8953
-9000
-8477
-8543
-8482
-8525
-9034
-9087
-8858
-8718
-8804
-8688
-8834
-8612
-8779
-8984
-8953
-9061
-8473
-8816
-8650
-9041
-8638
-8545
-8908
-8836
-8796
-8826
-8586
-8796
-8557
-8780
-8800
-8837
-8686
-8551
-8702
-8949
-8775
-8688
-9117
-9081
-8762
-9133
-8533
-8839
-8901
-8798
-8934
-8781
-8859
-8952
-8911
-9093
-8652
-9018
-8696
-8869
-8848
-9093
-8527
-8540
-8814
-9096
-8758
-8674
-8857
-8662
-9095
-8932
-9140
-8854
-8816
-9093
-8977
-8793
-8634
-8529
-9111
-9060
-8705
-8609
-9127
-9133
-8884
-9024
-8637
-9163
-8912
-8799
-8604
-8968
-8688
-9028
-9055
-9100
-8762
-8697
-9001
-8706
-8872
-9048
-8860
-8735
-8983
-8959
-8639
-8984
-9052
-9079
-8710
-8598
-8726
-8710
-8566
-8905
-8719
-8682
-8601
-8644
-8927
-9027
-8712
-8912
-8755
-8731
-8977
-9145
-8629
-8883
-8670
-8838
-9063
-8596
-8964
-9171
-9083
-8846
-8994
-8920
-8674
-9107
-9087
-8878
-8717
-9174
-8838
-8628
-9036
-8731
-9126
-8806
-8721
-8913
-9053
-8842
-9182
-8709
-8823
-9128
-9062
-9194
-8759
-9071
-9207
-9083
-8896
-8888
-9163
-9133
-9171
-8837
-8822
-9110
-8631
-8750
-8997
-8974
-8885
-8680
-9110
-8675
-9076
-8769
-8949
-9095
-8881
-8782
-9220
-8757
-9098
-9285
-9216
-8876
-8668
-9064
-9040
-8728
-8828
-9200
-8731
-9036
-8936
-8916
-9253
-8786
-8817
-9014
-8724
-8993
-8865
-8816
-9095
-8776
-9046
-8688
-8682
-8749
-9244
-8979
-8717
-9217
-9088
-8938
-9297
-8758
-9054
-8909
-9003
-9066
-9055
-9261
-9323
-8989
-9070
-9227
-8692
-8861
-8723
-8872
-8769
-8796
-9224
-8832
-9028
-9171
-9075
-9033
-9081
-8837
-8725
-8732
-8720
-9150
-9022
-9061
-9330
-9267
-9327
-9099
-9220
-9081
-9112
-9168
-8943
-9280
-9149
-9266
-8862
-8721
-8923
-8750
-9171
-9012
-9276
-9144
-9011
-8882
-8940
-8855
-8769
-8847
-9110
-9184
-9181
-8909
-9270
-8826
-9250
-8876
-8826
-9122
-9194
-9082
-9269
-8995
-9060
-9209
-9158
-9061
-8865
-9052
-8973
-9108
-8912
-8763
-8813
-9104
-9199
-9001
-8995
-9090
-8766
-9282
-8867
-8932
-9234
-9027
-8811
-9311
-9388
-9045
-9027
-9024
-9014
-8879
-9410
-9420
-8823
-9134
-9107
-9001
-9032
-8975
-8974
-9302
-9105
-9211
-9391
-8923
-8996
-9241
-9391
-9293
-9084
-9288
-9272
-9189
-9376
-9053
-9266
-9376
-8806
-9308
-9226
-9408
-8962
-8848
-9058
-9291
-9311
-9272
-9113
-9058
-8985
-9289
-9188
-9181
-9344
-9135
-9106
-9332
-9099
-9429
-8889
-9099
-9349
-9085
-9384
-9240
-9193
-9333
-8898
-9454
-8937
-8989
-9278
-9316
-9388
-9043
-8931
-8846
-9011
-8854
-9381
-9345
-9061
-9378
-8943
-8989
-9213
-8984
-9313
-9393
-8931
-9254
-8887
-9062
-9432
-8988
-8989
-8895
-9115
-9413
-9133
-9345
-9007
-9144
-9144
-9053
-8938
-8946
-8911
-9414
-9486
-8918
-9496
-9369
-8929
-9048
-9119
-9114
-8890
-9389
-8996
-9411
-9475
-9018
-8908
-9070
-9268
-9108
-9500
-8973
-9120
-9431
-8935
-9281
-9112
-9410
-9504
-9313
-9037
-9452
-9175
-9436
-9536
-9347
-9306
-9350
-9547
-9080
-9326
-8982
-9002
-8923
-9279
-9163
-9300
-9212
-9552
-9447
-9331
-9062
-8987
-9433
-8934
-9479
-8984
-9018
-9523
-8962
-9338
-9239
-8987
-9536
-9458
-9040
-9484
-9114
-9315
-9540
-9304
-9082
-9345
-9091
-9570
-9036
-9011
-9592
-9311
-8959
-8958
-9102
-9250
-9539
-9109
-9269
-9380
-9299
-9539
-9560
-9540
-9068
-9519
-9474
-9492
-9398
-8990
-9219
-9235
-9238
-9474
-9204
-9547
-9557
-9316
-9508
-9559
-9116
-9372
-9382
-9441
-9165
-9409
-9594
-9425
-9083
-9286
-9336
-9280
-9566
-9013
-9053
-9455
-9380
-9418
-9474
-9554
-9575
-9203
-9024
-9497
-9547
-9534
-9540
-9604
-9586
-9104
-9607
-9026
-9133
-9167
-9640
-9030
-9659
-9521
-9521
-9541
-9325
-9064
-9400
-9459
-9372
-9229
-9653
-9606
-9622
-9099
-9261
-9080
-9513
-9252
-9298
-9141
-9427
-9579
-9167
-9266
-9161
-9494
-9273
-9559
-9572
-9338
-9167
-9201
-9225
-9596
-9226
-9388
-9122
-9092
-9416
-9315
-9404
-9134
-9673
-9293
-9194
-9147
-9497
-9174
-9580
-9348
-9297
-9638
-9607
-9075
-9129
-9495
-9355
-9506
-9485
-9228
-9480
-9439
-9116
-9451
-9647
-9115
-9313
-9480
-9638
-9143
-9444
-9256
-9441
-9482
-9521
-9096
-9188
-9346
-9094
-9102
-9276
-9262
-9217
-9235
-9668
-9194
-9160
-9589
-9394
-9225
-9222
-9122
-9560
-9308
-9684
-9304
-9202
-9589
-9328
-9458
-9144
-9228
-9233
-9427
-9454
-9278
-9276
-9139
-9477
-9534
-9489
-9659
-9609
-9425
-9424
-9763
-9360
-9374
-9716
-9406
-9773
-9678
-9361
-9196
-9299
-9197
-9612
-9366
-9470
-9731
-9549
-9637
-9171
-9508
-9420
-9170
-9382
-9515
-9686
-9719
-9337
-9199
-9529
-9434
-9733
-9264
-9654
-9474
-9538
-9793
-9255
-9394
-9206
-9723
-9570
-9242
-9428
-9486
-9703
-9200
-9235
-9787
-9518
-9443
-9343
-9532
-9710
-9734
-9404
-9703
-9360
-9680
-9308
-9373
-9360
-9551
-9680
-9645
-9811
-9513
-9228
-9259
-9686
-9233
-9776
-9438
-9747
-9737
-9310
-9813
-9758
-9650
-9832
-9613
-9213
-9486
-9373
-9316
-9403
-9464
-9721
-9636
-9421
-9635
-9702
-9389
-9328
-9395
-9305
-9313
-9389
-9302
-9525
-9493
-9744
-9692
-9540
-9393
-9477
-9600
-9863
-9663
-9744
-9306
-9555
-9468
-9678
-9303
-9810
-9820
-9262
-9255
-9686
-9317
-9674
-9344
-9531
-9313
-9555
-9807
-9860
-9700
-9750
-9650
-9480
-9611
-9904
-9543
-9579
-9685
-9689
-9600
-9541
-9878
-9827
-9428
-9805
-9842
-9374
-9692
-9320
-9347
-9317
-9841
-9681
-9695
-9487
-9800
-9346
-9802
-9478
-9667
-9414
-9298
-9622
-9503
-9295
-9864
-9307
-9931
-9830
-9874
-9854
-9300
-9319
-9850
-9514
-9861
-9541
-9607
-9414
-9938
-9657
-9467
-9628
-9870
-9361
-9864
-9873
-9533
-9486
-9368
-9782
-9511
-9889
-9599
-9340
-9658
-9907
-9651
-9575
-9798
-9898
-9416
-9373
-9402
-9517
-9832
-9512
-9877
-9948
-9674
-9684
-9629
-9644
-9871
-9420
-9791
-9601
-9396
-9538
-9462
-9485
-9989
-9438
-9593
-9399
-9633
-9542
-9606
-9999
-9380
-9828
-9709
-9610
-9791
-9516
-9775
-9486
-9863
-9872
-9907
-9679
-9422
-9420
-9828
-9855
-9523
-9874
-9975
-9509
-9906
-9475
-9821
-9539
-9965
-9975
-9952
-9521
-9456
-9497
-9520
-9676
-9642
-9973
-9839
-9479
-9525
-9913
-9451
-9973
-9992
-9656
-9952
-9957
-9471
-9930
-9806
-9740
-9423
-9888
-9869
-9936
-9836
-9494
-10049
-9794
-9844
-9908
-9779
-9701
-10058
-10026
-9442
-9776
-9444
-9969
-9825
-9885
-9437
-9492
-9953
-10021
-9598
-9441
-9771
-9911
-9753
-9810
-9662
-9730
-9594
-9587
-9960
-9638
-9782
-9467
-9798
-9788
-10079
-9485
-9934
-9644
-10012
-9928
-9839
-10087
-10046
-9580
-9571
-10057
-10013
-9511
-9711
-10017
-9584
-9623
-9662
-9478
-9987
-9579
-9878
-9624
-9808
-9880
-10048
-9757
-9628
-9780
-9752
-9549
-9626
-9746
-9635
-9921
-9748
-10001
-9876
-10108
-10038
-9761
-10063
-9931
-9674
-9526
-10003
-9634
-9692
-9879
-9897
-9635
-9639
-9499
-9740
-9990
-9740
-10116
-9611
-9737
-9828
-9511
-9719
-9851
-9674
-10069
-10117
-9577
-9546
-9585
-9885
-9753
-9942
-10036
-9628
-10025
-9689
-9687
-9841
-9782
-9914
-10065
-9698
-10004
-9787
-10110
-9644
-9984
-9969
-10102
-10014
-9730
-10084
-10027
-9815
-10092
-9995
-9767
-10131
-9729
-9941
-9840
-9737
-10001
-9604
-9937
-9773
-9902
-9833
-9587
-9999
-9872
-9851
-10138
-10159
-10039
-9636
-9784
-10076
-10167
-9845
-9691
-9934
-9885
-9709
-9847
-10001
-9995
-9881
-10049
-9941
-9612
-9676
-9835
-9648
-9607
-9847
-10074
-9922
-9799
-9637
-10159
-10094
-9633
-9852
-9641
-10140
-9889
-9944
-9729
-9815
-9744
-10179
-9984
-9936
-10175
-9911
-10073
-10047
-9758
-9916
-9981
-9941
-10085
-9828
-10230
-9689
-10089
-9805
-10039
-10062
-9988
-9764
-10201
-9969
-9977
-9982
-9791
-9699
-10266
-9889
-9827
-10265
-10056
-9672
-9638
-10012
-9728
-9850
-10218
-9932
-9706
-9817
-9869
-10063
-9921
-9787
-9679
-9930
-10072
-10103
-9986
-10202
-9780
-10002
-9887
-10126
-10185
-10142
-9888
-9801
-9759
-9966
-9956
-10164
-10020
-9702
-9848
-10190
-9915
-9865
-9735
-10175
-9758
-10277
-9884
-10314
-9971
-9862
-9724
-10182
-9747
-9760
-9682
-10277
-9908
-9689
-10174
-9990
-10152
-10046
-10198
-9785
-10097
-10056
-9796
-9819
-10183
-9919
-9837
-10092
-10229
-10238
-10056
-10209
-9788
-10341
-10289
-9708
-9800
-10176
-9865
-9707
-9798
-10202
-9884
-9831
-10003
-10236
-10126
-10331
-10140
-10266
-10299
-10294
-10328
-9946
-10223
-10191
-9868
-9945
-10124
-10357
-10232
-10286
-10254
-10097
-10350
-10059
-10072
-10169
-10053
-10298
-10283
-10321
-10329
-9857
-10225
-10028
-10372
-10283
-10228
-9941
-10336
-10001
-10049
-10311
-10175
-9979
-9778
-10140
-10017
-9957
-10047
-10154
-10372
-10120
-10373
-10399
-10053
-10186
-10115
-10191
-9837
-10144
-10394
-10111
-9912
-10328
-10115
-10414
-10378
-9801
-10367
-10395
-10219
-10049
-9938
-9854
-9871
-10151
-9930
-10134
-10259
-9954
-10296
-9994
-9814
-10421
-10331
-10306
-10438
-9851
-10270
-10225
-10317
-9925
-10014
-10172
-10083
-10215
-9943
-10027
-10253
-9887
-10056
-10202
-10037
-9951
-9823
-10274
-10223
-10452
-9978
-9926
-10336
-10103
-10187
-10466
-10253
-10203
-9889
-10098
-9927
-10219
-10371
-10143
-10335
-10446
-10061
-9865
-10347
-10191
-10214
-9850
-10004
-10292
-10144
-10043
-10338
-9960
-10291
-10236
-10385
-10465
-9925
-10322
-10327
-9858
-10211
-10112
-9944
-9961
-10340
-10100
-10414
-9952
-10085
-10135
-10348
-10396
-10049
-10406
-10075
-9960
-10249
-10464
-10121
-10038
-10383
-10212
-10123
-10117
-10287
-10259
-9984
-9956
-10523
-10515
-10043
-9920
-10378
-10082
-10318
-10082
-10388
-9977
-9916
-10034
-9929
-10202
-10046
-10024
-10102
-10015
-10214
-10240
-10438
-10452
-10384
-10423
-10412
-10376
-10242
-10275
-10362
-10264
-10521
-10227
-10131
-10376
-10082
-10106
-9934
-10283
-10151
-10098
-10368
-10202
-10486
-10123
-10023
-10093
-9999
-10161
-10109
-10224
-10190
-10147
-10446
-10518
-10273
-10101
-10547
-10305
-10004
-10045
-10548
-10165
-10147
-10158
-10201
-10152
-10366
-10475
-9989
-10181
-10548
-10593
-10420
-10032
-10499
-10182
-10172
-10305
-10044
-10286
-10164
-10127
-10113
-10586
-10107
-10534
-10245
-10008
-10140
-10279
-10514
-10120
-10324
-9986
-10599
-10527
-10052
-10449
-9988
-10365
-10523
-10444
-10606
-10523
-10349
-10257
-10299
-10094
-10509
-10203
-10616
-10275
-10553
-10605
-10353
-10208
-10362
-10591
-10364
-10456
-10108
-10581
-10397
-10094
-10032
-10382
-10606
-10636
-10209
-10299
-10281
-10027
-10296
-10041
-10310
-10392
-10251
-10257
-10111
-10053
-10307
-10311
-10605
-10495
-10253
-10368
-10586
-10451
-10526
-10208
-10068
-10078
-10312
-10232
-10541
-10188
-10310
-10658
-10606
-10593
-10174
-10363
-10219
-10688
-10126
-10135
-10260
-10499
-10368
-10579
-10139
-10682
-10597
-10544
-10492
-10213
-10628
-10419
-10076
-10469
-10112
-10250
-10529
-10088
-10417
-10556
-10451
-10444
-10553
-10454
-10105
-10146
-10555
-10087
-10146
-10351
-10377
-10272
-10693
-10697
-10485
-10175
-10218
-10322
-10185
-10708
-10145
-10482
-10465
-10263
-10329
-10680
-10737
-10434
-10616
-10150
-10270
-10220
-10467
-10227
-10702
-10158
-10699
-10578
-10623
-10563
-10194
-10376
-10195
-10641
-10686
-10730
-10513
-10196
-10613
-10291
-10741
-10679
-10469
-10401
-10461
-10623
-10491
-10349
-10357
-10650
-10748
-10686
-10202
-10204
-10392
-10562
-10688
-10153
-10484
-10457
-10443
-10227
-10335
-10319
-10611
-10477
-10205
-10476
-10183
-10375
-10472
-10747
-10562
-10239
-10234
-10349
-10772
-10462
-10384
-10408
-10692
-10674
-10739
-10580
-10387
-10752
-10516
-10631
-10374
-10283
-10574
-10446
-10625
-10401
-10186
-10304
-10561
-10569
-10615
-10212
-10792
-10475
-10734
-10314
-10608
-10585
-10716
-10381
-10223
-10356
-10526
-10470
-10706
-10265
-10511
-10284
-10726
-10313
-10377
-10456
-10558
-10337
-10496
-10515
-10223
-10593
-10519
-10243
-10558
-10336
-10461
-10269
-10514
-10339
-10345
-10701
-10417
-10725
-10599
-10431
-10522
-10773
-10551
-10341
-10248
-10472
-10807
-10694
-10458
-10371
-10755
-10281
-10344
-10458
-10501
-10706
-10481
-10357
-10363
-10703
-10804
-10277
-10296
-10315
-10774
-10463
-10842
-10292
-10495
-10716
-10308
-10492
-10642
-10780
-10706
-10703
-10777
-10371
-10594
-10347
-10390
-10489
-10266
-10779
-10373
-10434
-10521
-10304
-10747
-10570
-10721
-10569
-10533
-10420
-10424
-10819
-10419
-10503
-10333
-10488
-10684
-10537
-10515
-10876
-10563
-10411
-10780
-10671
-10683
-10891
-10475
-10709
-10656
-10625
-10361
-10846
-10862
-10569
-10384
-10882
-10587
-10599
-10724
-10768
-10929
-10908
-10858
-10856
-10676
-10833
-10579
-10682
-10536
-10553
-10619
-10773
-10470
-10831
-10824
-10648
-10665
-10919
-10830
-10518
-10461
-10716
-10390
-10353
-10490
-10900
-10576
-10466
-10741
-10854
-10629
-10965
-10553
-10802
-10573
-10411
-10563
-10631
-10732
-10866
-10711
-10894
-10717
-10581
-10456
-10680
-10481
-10745
-10939
-10923
-10777
-10395
-10888
-10893
-10713
-10711
-10983
-10545
-10958
-10462
-10892
-10398
-10847
-10947
-10862
-10646
-10729
-10591
-10757
-10973
-10775
-10721
-10589
-10951
-10624
-10404
-10483
-10864
-10433
-10562
-10939
-10735
-10833
-10929
-10466
-10924
-10450
-10956
-10836
-11025
-10693
-10549
-10742
-10763
-10560
-10619
-10800
-10561
-10895
-10842
-10574
-10994
-10445
-10482
-10880
-10846
-10581
-10835
-10513
-10868
-10570
-10517
-10532
-10639
-10743
-10663
-10968
-10582
-10887
-11014
-11003
-10774
-10581
-11007
-10808
-10902
-10717
-10946
-10934
-10674
-10644
-10948
-10487
-11003
-10796
-10685
-10984
-10978
-10577
-10725
-10853
-10786
-10920
-10696
-10610
-10523
-10519
-10613
-10767
-10659
-10865
-10899
-10558
-10896
-10554
-10853
-10849
-10972
-10772
-10985
-10647
-10935
-10693
-10717
-10671
-10715
-10984
-10901
-10569
-10766
-10865
-10877
-10704
-10752
-10572
-10977
-10857
-10814
-10896
-10738
-11050
-10691
-10915
-10497
-10965
-10676
-10657
-11102
-10998
-10987
-10702
-10992
-11060
-10797
-10688
-11036
-10994
-10983
-11050
-10810
-10685
-10569
-10581
-11013
-11099
-11080
-10769
-11123
-11038
-10943
-10881
-10973
-10977
-11134
-10716
-11069
-10587
-10931
-11089
-10834
-10642
-10639
-10562
-10793
-10567
-10887
-10974
-10913
-10550
-11107
-10636
-11015
-11154
-10838
-10794
-11037
-10986
-10739
-10935
-10822
-10697
-10705
-10568
-11150
-10708
-10676
-11035
-10835
-11077
-10701
-10694
-10576
-10718
-10980
-10754
-10703
-10965
-10877
-11062
-10648
-10765
-10801
-11180
-11158
-11127
-11102
-10828
-10904
-10852
-10790
-10883
-11169
-10586
-10645
-11083
-10935
-10854
-10855
-10929
-10865
-11087
-11013
-10666
-10703
-11138
-11030
-10666
-11032
-10761
-10604
-10813
-10727
-11226
-10603
-10630
-11176
-11223
-11003
-11217
-11038
-10788
-11152
-11245
-11223
-10609
-11184
-11105
-10683
-11035
-11233
-10810
-10936
-10768
-11110
-11140
-10906
-10648
-10686
-10669
-10939
-10919
-10844
-10665
-10712
-11040
-11243
-10906
-10783
-10797
-11207
-10821
-11237
-11147
-11039
-10735
-10664
-11076
-10693
-10961
-10645
-11176
-10954
-10795
-11173
-10663
-11070
-10867
-10785
-11093
-11085
-11021
-10661
-10832
-10928
-10815
-11226
-10870
-11041
-11197
-11292
-11128
-10888
-10673
-11231
-10688
-11096
-11149
-10773
-11104
-10719
-11035
-10745
-10808
-10983
-11168
-10692
-11019
-11171
-11184
-11185
-10836
-11323
-10785
-11047
-11164
-11020
-10911
-11102
-10710
-11152
-11229
-10745
-11017
-11108
-11175
-11135
-10813
-10920
-10973
-10752
-10821
-10845
-11321
-11122
-11271
-10892
-11163
-10747
-10830
-11089
-10794
-10914
-11207
-10825
-11146
-10770
-10877
-10853
-10813
-11129
-11199
-11197
-10932
-10853
-10739
-11368
-10913
-10730
-10769
-10892
-10878
-11145
-11232
-11191
-11130
-11042
-10875
-11185
-10815
-11361
-11326
-11050
-10847
-10865
-11167
-10766
-10792
-11279
-11363
-11206
-11164
-10827
-10797
-11021
-11105
-11051
-11144
-10939
-11386
-11221
-11362
-11201
-11240
-11132
-11062
-11307
-11295
-11052
-11192
-10951
-10774
-10975
-11083
-11161
-11062
-11060
-11102
-10804
-11184
-11069
-11059
-10889
-10907
-11371
-11198
-11386
-10865
-11201
-10902
-11402
-11091
-10887
-11339
-11217
-11066
-10889
-11132
-11215
-10968
-11280
-11365
-11317
-11175
-11288
-11176
-10921
-10848
-11132
-11161
-11454
-11422
-11413
-11151
-11402
-11352
-11189
-10876
-10912
-11028
-11180
-11265
-10858
-11317
-11197
-11185
-11291
-10937
-11091
-10876
-10926
-10923
-11199
-10862
-11120
-10974
-11362
-11465
-11225
-11110
-11402
-11163
-11366
-11018
-11244
-11313
-11082
-11197
-11078
-10983
-10868
-11310
-11160
-11013
-11229
-11412
-11467
-11392
-11272
-10890
-11480
-11279
-11377
-11462
-11143
-11494
-10945
-11476
-10985
-11243
-11397
-10923
-11350
-11081
-10962
-11353
-11329
-10927
-11058
-11513
-11221
-10963
-11097
-10921
-11492
-10916
-11236
-11368
-11445
-11093
-11469
-11187
-11536
-11478
-11469
-11025
-11170
-11368
-11200
-10973
-11119
-11107
-11386
-11338
-11411
-11305
-11308
-10956
-11356
-11160
-11499
-10996
-10993
-11293
-10963
-11538
-10942
-11403
-11418
-11087
-11099
-11327
-11257
-11308
-10961
-11301
-11062
-10940
-11397
-11433
-11437
-11380
-11408
-11120
-11263
-11435
-11509
-11344
-11453
-11170
-11134
-11522
-11572
-11052
-11262
-11176
-11038
-11461
-11339
-10965
-11299
-11138
-11267
-11022
-11113
-11073
-11471
-11399
-11183
-11207
-11514
-11337
-11078
-11429
-11235
-11539
-11109
-11133
-11467
-11464
-11553
-11609
-11608
-11522
-11192
-11095
-11342
-11395
-11178
-11025
-11142
-11515
-11582
-11181
-11384
-11383
-11529
-11135
-11377
-11443
-11351
-11432
-11301
-11180
-11405
-11476
-11010
-11512
-11137
-11040
-11113
-11565
-11277
-11643
-11611
-11583
-11316
-11328
-11506
-11478
-11273
-11046
-11539
-11435
-11601
-11208
-11188
-11496
-11145
-11632
-11238
-11625
-11547
-11248
-11492
-11349
-11490
-11457
-11262
-11531
-11135
-11059
-11072
-11319
-11255
-11118
-11335
-11648
-11060
-11398
-11358
-11103
-11439
-11301
-11110
-11201
-11361
-11180
-11641
-11688
-11405
-11056
-11378
-11585
-11197
-11363
-11586
-11448
-11587
-11519
-11245
-11668
-11269
-11256
-11344
-11501
-11422
-11685
-11235
-11228
-11465
-11221
-11354
-11588
-11600
-11384
-11705
-11454
-11335
-11227
-11223
-11715
-11676
-11098
-11536
-11089
-11304
-11422
-11210
-11205
-11454
-11727
-11397
-11532
-11717
-11398
-11631
-11187
-11447
-11589
-11738
-11416
-11676
-11700
-11621
-11294
-11422
-11370
-11202
-11700
-11201
-11382
-11232
-11416
-11646
-11367
-11418
-11442
-11119
-11568
-11307
-11123
-11635
-11261
-11552
-11440
-11222
-11233
-11402
-11748
-11601
-11730
-11665
-11495
-11320
-11574
-11584
-11270
-11149
-11367
-11179
-11749
-11197
-11561
-11563
-11704
-11393
-11176
-11414
-11700
-11300
-11788
-11580
-11528
-11631
-11472
-11507
-11259
-11194
-11201
-11615
-11247
-11291
-11782
-11777
-11566
-11243
-11739
-11671
-11208
-11742
-11617
-11750
-11727
-11548
-11585
-11355
-11199
-11304
-11442
-11381
-11492
-11664
-11365
-11816
-11426
-11587
-11240
-11630
-11769
-11482
-11665
-11365
-11398
-11544
-11309
-11266
-11215
-11403
-11268
-11233
-11427
-11461
-11665
-11410
-11421
-11846
-11589
-11364
-11413
-11665
-11586
-11238
-11776
-11250
-11846
-11632
-11416
-11646
-11687
-11822
-11284
-11522
-11660
-11417
-11750
-11448
-11397
-11387
-11410
-11331
-11623
-11758
-11425
-11740
-11789
-11580
-11333
-11866
-11527
-11363
-11771
-11423
-11290
-11767
-11575
-11385
-11513
-11756
-11524
-11568
-11672
-11588
-11633
-11415
-11623
-11606
-11349
-11512
-11612
-11290
-11386
-11820
-11766
-11784
-11673
-11312
-11373
-11424
-11867
-11506
-11278
-11790
-11855
-11739
-11543
-11557
-11386
-11373
-11623
-11907
-11664
-11501
-11435
-11346
-11411
-11649
-11671
-11412
-11704
-11431
-11577
-11403
-11524
-11757
-11804
-11319
-11449
-11664
-11779
-11392
-11333
-11904
-11361
-11570
-11616
-11788
-11358
-11456
-11691
-11441
-11670
-11625
-11531
-11895
-11509
-11395
-11872
-11924
-11346
-11826
-11672
-11606
-11442
-11462
-11849
-11580
-11706
-11597
-11938
-11826
-11508
-11557
-11661
-11563
-11610
-11751
-11571
-11965
-11388
-11588
-11618
-11375
-11363
-11697
-11937
-11476
-11982
-11888
-11663
-11411
-11406
-11938
-11538
-11669
-11758
-11584
-11589
-11746
-11729
-11587
-11869
-11604
-11504
-11979
-11532
-11879
-11999
-11983
-11717
-11483
-11749
-11941
-11437
-11376
-11544
-11926
-11535
-11943
-11930
-11543
-11626
-11440
-11664
-12001
-11420
-11455
-11876
-11755
-11931
-11832
-11789
-11515
-11756
-11641
-12020
-11481
-11817
-11615
-11408
-11796
-11559
-11835
-11462
-11698
-11986
-11854
-11870
-11695
-11595
-11728
-11875
-12019
-11701
-11823
-11766
-11961
-11625
-11913
-11987
-11446
-11639
-11629
-11548
-11623
-11698
-11471
-11573
-11674
-11548
-11910
-11681
-11845
-11608
-11560
-11526
-11676
-11725
-11934
-11842
-11460
-11881
-11564
-11805
-11824
-12076
-11648
-11685
-11724
-11910
-11937
-11828
-11813
-11802
-12052
-11925
-11759
-11725
-11824
-11634
-11626
-12062
-11931
-11712
-11734
-11729
-11496
-11965
-11533
-11954
-11646
-11659
-11607
-11696
-11612
-11785
-11661
-11823
-11628
-11538
-12070
-11486
-11735
-11933
-11698
-11613
-11563
-12076
-12100
-11732
-11568
-11496
-12098
-12125
-11571
-11634
-11966
-12024
-12045
-11566
-12112
-11946
-11761
-11569
-11558
-11816
-11774
-11834
-12103
-11666
-12042
-11913
-11730
-11873
-12103
-11682
-11837
-11895
-11933
-11674
-12116
-12093
-12034
-11700
-11746
-11974
-11958
-11551
-11635
-11844
-11736
-12129
-11592
-12106
-12159
-11885
-11649
-12025
-11688
-12165
-11573
-12126
-11867
-11859
-11826
-12022
-11855
-12011
-11604
-11560
-11690
-12112
-11581
-11976
-11962
-11732
-11734
-12086
-11947
-11612
-11946
-11807
-11898
-11830
-12068
-11965
-12076
-11603
-12019
-12042
-12197
-11778
-11610
-11890
-11807
-11899
-11912
-12148
-11836
-12207
-11786
-12176
-12204
-11638
-12090
-12063
-11738
-11797
-11994
-11709
-11683
-12141
-11902
-11957
-12117
-12014
-12037
-11772
-12060
-11988
-12100
-11718
-11966
-11634
-12143
-12198
-12134
-11692
-12066
-11936
-12216
-12004
-11648
-11705
-11694
-11791
-12090
-11748
-11754
-11673
-12156
-11635
-11721
